0.000000e+00 0.000000e+00 0.000000e+00 0.000000e+00 0.000000e+00 0.000000e+00 -1.570796e+00 7.853982e-01 0.000000e+00 0.000000e+00 0.000000e+00 0.000000e+00 0.000000e+00 0.000000e+00 0.000000e+00 -0.000000e+00 0.000000e+00 
-7.896573e-07 1.805827e-07 0.000000e+00 -1.057654e-07 0.000000e+00 0.000000e+00 -1.570795e+00 7.853962e-01 -2.368894e-05 5.417287e-06 0.000000e+00 -3.172859e-06 0.000000e+00 0.000000e+00 3.875466e-05 -5.813199e-05 -9.993227e-08 
-6.315331e-06 1.443878e-06 0.000000e+00 -8.458991e-07 0.000000e+00 0.000000e+00 -1.570786e+00 7.853827e-01 -9.473210e-05 2.166194e-05 0.000000e+00 -1.268843e-05 0.000000e+00 0.000000e+00 1.549804e-04 -2.324706e-04 -1.589944e-06 
-2.131150e-05 4.872899e-06 0.000000e+00 -2.854500e-06 0.000000e+00 0.000000e+00 -1.570761e+00 7.853459e-01 -2.130588e-04 4.871459e-05 0.000000e+00 -2.853755e-05 0.000000e+00 0.000000e+00 3.485625e-04 -5.228437e-04 -8.076995e-06 
-5.050100e-05 1.154664e-05 0.000000e+00 -6.764226e-06 0.000000e+00 0.000000e+00 -1.570714e+00 7.852742e-01 -3.785501e-04 8.653511e-05 0.000000e+00 -5.070546e-05 0.000000e+00 0.000000e+00 6.193099e-04 -9.289649e-04 -2.552487e-05 
-9.858986e-05 2.253758e-05 0.000000e+00 -1.320574e-05 0.000000e+00 0.000000e+00 -1.570635e+00 7.851562e-01 -5.910383e-04 1.350582e-04 0.000000e+00 -7.917218e-05 0.000000e+00 0.000000e+00 9.669555e-04 -1.450433e-03 -6.221626e-05 
-1.702673e-04 3.891166e-05 0.000000e+00 -2.280771e-05 0.000000e+00 0.000000e+00 -1.570518e+00 7.849803e-01 -8.503071e-04 1.941934e-04 0.000000e+00 -1.139125e-04 0.000000e+00 0.000000e+00 1.391156e-03 -2.086734e-03 -1.287528e-04 
-2.701911e-04 6.171602e-05 0.000000e+00 -3.619565e-05 0.000000e+00 0.000000e+00 -1.570354e+00 7.847351e-01 -1.156090e-03 2.638150e-04 0.000000e+00 -1.548966e-04 0.000000e+00 0.000000e+00 1.891493e-03 -2.837240e-03 -2.377591e-04 
-4.030039e-04 9.199891e-05 0.000000e+00 -5.399266e-05 0.000000e+00 0.000000e+00 -1.570137e+00 7.844091e-01 -1.508072e-03 3.437710e-04 0.000000e+00 -2.020898e-04 0.000000e+00 0.000000e+00 2.467473e-03 -3.701209e-03 -4.044277e-04 
-5.733214e-04 1.307979e-04 0.000000e+00 -7.681855e-05 0.000000e+00 0.000000e+00 -1.569858e+00 7.839911e-01 -1.905888e-03 4.338751e-04 0.000000e+00 -2.554523e-04 0.000000e+00 0.000000e+00 3.118527e-03 -4.677790e-03 -6.462230e-04 
-7.857074e-04 1.791168e-04 0.000000e+00 -1.052882e-04 0.000000e+00 0.000000e+00 -1.569511e+00 7.834698e-01 -2.349121e-03 5.338918e-04 0.000000e+00 -3.149414e-04 0.000000e+00 0.000000e+00 3.844012e-03 -5.766018e-03 -9.823051e-04 
-1.044674e-03 2.379263e-04 0.000000e+00 -1.400114e-04 0.000000e+00 0.000000e+00 -1.569087e+00 7.828342e-01 -2.837305e-03 6.435360e-04 0.000000e+00 -3.805108e-04 0.000000e+00 0.000000e+00 4.643214e-03 -6.964820e-03 -1.433530e-03 
-1.354680e-03 3.081631e-04 0.000000e+00 -1.815933e-04 0.000000e+00 0.000000e+00 -1.568580e+00 7.820732e-01 -3.369921e-03 7.624729e-04 0.000000e+00 -4.521111e-04 0.000000e+00 0.000000e+00 5.515342e-03 -8.273013e-03 -2.022449e-03 
-1.720134e-03 3.907305e-04 0.000000e+00 -2.306338e-04 0.000000e+00 0.000000e+00 -1.567982e+00 7.811760e-01 -3.946401e-03 8.903182e-04 0.000000e+00 -5.296897e-04 0.000000e+00 0.000000e+00 6.459537e-03 -9.689305e-03 -2.773311e-03 
-2.145391e-03 4.864984e-04 0.000000e+00 -2.877279e-04 0.000000e+00 0.000000e+00 -1.567285e+00 7.801318e-01 -4.566125e-03 1.026638e-03 0.000000e+00 -6.131904e-04 0.000000e+00 0.000000e+00 7.474866e-03 -1.121230e-02 -3.712058e-03 
-2.634757e-03 5.963028e-04 0.000000e+00 -3.534658e-04 0.000000e+00 0.000000e+00 -1.566484e+00 7.789300e-01 -5.228424e-03 1.170949e-03 0.000000e+00 -7.025541e-04 0.000000e+00 0.000000e+00 8.560328e-03 -1.284049e-02 -4.866329e-03 
-3.192457e-03 7.209209e-04 0.000000e+00 -4.284313e-04 0.000000e+00 0.000000e+00 -1.565571e+00 7.775602e-01 -5.932576e-03 1.322708e-03 0.000000e+00 -7.977191e-04 0.000000e+00 0.000000e+00 9.714851e-03 -1.457228e-02 -6.264742e-03 
-3.822633e-03 8.610626e-04 0.000000e+00 -5.132007e-04 0.000000e+00 0.000000e+00 -1.564539e+00 7.760122e-01 -6.677807e-03 1.481303e-03 0.000000e+00 -8.986223e-04 0.000000e+00 0.000000e+00 1.093730e-02 -1.640594e-02 -7.936761e-03 
-4.529359e-03 1.017386e-03 0.000000e+00 -6.083448e-04 0.000000e+00 0.000000e+00 -1.563381e+00 7.742757e-01 -7.463296e-03 1.646066e-03 0.000000e+00 -1.005198e-03 0.000000e+00 0.000000e+00 1.222646e-02 -1.833968e-02 -9.913065e-03 
-5.316615e-03 1.190470e-03 0.000000e+00 -7.144275e-04 0.000000e+00 0.000000e+00 -1.562092e+00 7.723410e-01 -8.288166e-03 1.816267e-03 0.000000e+00 -1.117379e-03 0.000000e+00 0.000000e+00 1.358106e-02 -2.037159e-02 -1.222465e-02 
-6.188287e-03 1.380811e-03 0.000000e+00 -8.320055e-04 0.000000e+00 0.000000e+00 -1.560663e+00 7.701982e-01 -9.151494e-03 1.991112e-03 0.000000e+00 -1.235096e-03 0.000000e+00 0.000000e+00 1.499977e-02 -2.249966e-02 -1.490282e-02 
-7.148168e-03 1.588824e-03 0.000000e+00 -9.616289e-04 0.000000e+00 0.000000e+00 -1.559089e+00 7.678379e-01 -1.005230e-02 2.169742e-03 0.000000e+00 -1.358277e-03 0.000000e+00 0.000000e+00 1.648119e-02 -2.472178e-02 -1.797921e-02 
-8.199957e-03 1.814846e-03 0.000000e+00 -1.103841e-03 0.000000e+00 0.000000e+00 -1.557365e+00 7.652508e-01 -1.098957e-02 2.351238e-03 0.000000e+00 -1.486852e-03 0.000000e+00 0.000000e+00 1.802385e-02 -2.703577e-02 -2.148575e-02 
-9.347252e-03 2.059123e-03 0.000000e+00 -1.259176e-03 0.000000e+00 0.000000e+00 -1.555483e+00 7.624277e-01 -1.196221e-02 2.534616e-03 0.000000e+00 -1.620745e-03 0.000000e+00 0.000000e+00 1.962623e-02 -2.943935e-02 -2.545443e-02 
-1.059353e-02 2.321785e-03 0.000000e+00 -1.428164e-03 0.000000e+00 0.000000e+00 -1.553438e+00 7.593600e-01 -1.296911e-02 2.718832e-03 0.000000e+00 -1.759881e-03 0.000000e+00 0.000000e+00 2.128675e-02 -3.193013e-02 -2.991643e-02 
-1.194217e-02 2.602871e-03 0.000000e+00 -1.611324e-03 0.000000e+00 0.000000e+00 -1.551223e+00 7.560389e-01 -1.400908e-02 2.902769e-03 0.000000e+00 -1.904184e-03 0.000000e+00 0.000000e+00 2.300378e-02 -3.450567e-02 -3.490306e-02 
-1.339641e-02 2.902298e-03 0.000000e+00 -1.809171e-03 0.000000e+00 0.000000e+00 -1.548835e+00 7.524561e-01 -1.508090e-02 3.085259e-03 0.000000e+00 -2.053575e-03 0.000000e+00 0.000000e+00 2.477561e-02 -3.716342e-02 -4.044450e-02 
-1.495938e-02 3.219854e-03 0.000000e+00 -2.022207e-03 0.000000e+00 0.000000e+00 -1.546267e+00 7.486036e-01 -1.618330e-02 3.265075e-03 0.000000e+00 -2.207976e-03 0.000000e+00 0.000000e+00 2.660050e-02 -3.990076e-02 -4.656965e-02 
-1.663406e-02 3.555200e-03 0.000000e+00 -2.250931e-03 0.000000e+00 0.000000e+00 -1.543513e+00 7.444734e-01 -1.731494e-02 3.440936e-03 0.000000e+00 -2.367305e-03 0.000000e+00 0.000000e+00 2.847665e-02 -4.271498e-02 -5.330612e-02 
-1.842330e-02 3.907868e-03 0.000000e+00 -2.495830e-03 0.000000e+00 0.000000e+00 -1.540570e+00 7.400581e-01 -1.847445e-02 3.611506e-03 0.000000e+00 -2.531481e-03 0.000000e+00 0.000000e+00 3.040221e-02 -4.560331e-02 -6.068024e-02 
-2.032983e-02 4.277266e-03 0.000000e+00 -2.757385e-03 0.000000e+00 0.000000e+00 -1.537431e+00 7.353504e-01 -1.966042e-02 3.775394e-03 0.000000e+00 -2.700418e-03 0.000000e+00 0.000000e+00 3.237527e-02 -4.856291e-02 -6.871706e-02 
-2.235621e-02 4.662663e-03 0.000000e+00 -3.036069e-03 0.000000e+00 0.000000e+00 -1.534093e+00 7.303432e-01 -2.087136e-02 3.931159e-03 0.000000e+00 -2.874033e-03 0.000000e+00 0.000000e+00 3.439389e-02 -5.159084e-02 -7.744012e-02 
-2.450486e-02 5.063169e-03 0.000000e+00 -3.332344e-03 0.000000e+00 0.000000e+00 -1.530551e+00 7.250300e-01 -2.210577e-02 4.077327e-03 0.000000e+00 -3.052238e-03 0.000000e+00 0.000000e+00 3.645608e-02 -5.468412e-02 -8.687029e-02 
-2.677807e-02 5.477751e-03 0.000000e+00 -3.646666e-03 0.000000e+00 0.000000e+00 -1.526800e+00 7.194043e-01 -2.336206e-02 4.212357e-03 0.000000e+00 -3.234945e-03 0.000000e+00 0.000000e+00 3.855980e-02 -5.783970e-02 -9.702703e-02 
-2.917795e-02 5.905220e-03 0.000000e+00 -3.979480e-03 0.000000e+00 0.000000e+00 -1.522838e+00 7.134601e-01 -2.463863e-02 4.334683e-03 0.000000e+00 -3.422063e-03 0.000000e+00 0.000000e+00 4.070297e-02 -6.105446e-02 -1.079273e-01 
-3.170644e-02 6.344223e-03 0.000000e+00 -4.331223e-03 0.000000e+00 0.000000e+00 -1.518659e+00 7.071916e-01 -2.593382e-02 4.442714e-03 0.000000e+00 -3.613499e-03 0.000000e+00 0.000000e+00 4.288349e-02 -6.432523e-02 -1.195853e-01 
-3.436531e-02 6.793246e-03 0.000000e+00 -4.702322e-03 0.000000e+00 0.000000e+00 -1.514260e+00 7.005933e-01 -2.724591e-02 4.534841e-03 0.000000e+00 -3.809157e-03 0.000000e+00 0.000000e+00 4.509919e-02 -6.764878e-02 -1.320126e-01 
-3.715615e-02 7.250615e-03 0.000000e+00 -5.093193e-03 0.000000e+00 0.000000e+00 -1.509638e+00 6.936602e-01 -2.857315e-02 4.609432e-03 0.000000e+00 -4.008939e-03 0.000000e+00 0.000000e+00 4.734789e-02 -7.102184e-02 -1.452181e-01 
-4.008039e-02 7.714492e-03 0.000000e+00 -5.504244e-03 0.000000e+00 0.000000e+00 -1.504789e+00 6.863874e-01 -2.991376e-02 4.664835e-03 0.000000e+00 -4.212743e-03 0.000000e+00 0.000000e+00 4.962738e-02 -7.444107e-02 -1.592079e-01 
-4.313927e-02 8.182876e-03 0.000000e+00 -5.935872e-03 0.000000e+00 0.000000e+00 -1.499711e+00 6.787705e-01 -3.126588e-02 4.699377e-03 0.000000e+00 -4.420466e-03 0.000000e+00 0.000000e+00 5.193540e-02 -7.790310e-02 -1.739854e-01 
-4.633386e-02 8.653610e-03 0.000000e+00 -6.388463e-03 0.000000e+00 0.000000e+00 -1.494401e+00 6.708055e-01 -3.262763e-02 4.711371e-03 0.000000e+00 -4.632001e-03 0.000000e+00 0.000000e+00 5.426968e-02 -8.140452e-02 -1.895514e-01 
-4.966503e-02 9.124378e-03 0.000000e+00 -6.862391e-03 0.000000e+00 0.000000e+00 -1.488857e+00 6.624884e-01 -3.399710e-02 4.699186e-03 0.000000e+00 -4.847236e-03 0.000000e+00 0.000000e+00 5.662791e-02 -8.494186e-02 -2.059035e-01 
-5.313344e-02 9.592647e-03 0.000000e+00 -7.358023e-03 0.000000e+00 0.000000e+00 -1.483075e+00 6.538160e-01 -3.537231e-02 4.661121e-03 0.000000e+00 -5.066057e-03 0.000000e+00 0.000000e+00 5.900776e-02 -8.851164e-02 -2.230354e-01 
-5.673960e-02 1.005572e-02 0.000000e+00 -7.875714e-03 0.000000e+00 0.000000e+00 -1.477054e+00 6.447851e-01 -3.675125e-02 4.595494e-03 0.000000e+00 -5.288346e-03 0.000000e+00 0.000000e+00 6.140689e-02 -9.211033e-02 -2.409380e-01 
-6.048376e-02 1.051077e-02 0.000000e+00 -8.415805e-03 0.000000e+00 0.000000e+00 -1.470793e+00 6.353931e-01 -3.813186e-02 4.500669e-03 0.000000e+00 -5.513981e-03 0.000000e+00 0.000000e+00 6.382292e-02 -9.573438e-02 -2.595995e-01 
-6.436599e-02 1.095478e-02 0.000000e+00 -8.978624e-03 0.000000e+00 0.000000e+00 -1.464289e+00 6.256375e-01 -3.951207e-02 4.375055e-03 0.000000e+00 -5.742833e-03 0.000000e+00 0.000000e+00 6.625348e-02 -9.938022e-02 -2.790047e-01 
-6.838614e-02 1.138463e-02 0.000000e+00 -9.564483e-03 0.000000e+00 0.000000e+00 -1.457542e+00 6.155164e-01 -4.088979e-02 4.217106e-03 0.000000e+00 -5.974769e-03 0.000000e+00 0.000000e+00 6.869617e-02 -1.030443e-01 -2.991358e-01 
-7.254384e-02 1.179700e-02 0.000000e+00 -1.017368e-02 0.000000e+00 0.000000e+00 -1.450550e+00 6.050282e-01 -4.226287e-02 4.025321e-03 0.000000e+00 -6.209648e-03 0.000000e+00 0.000000e+00 7.114857e-02 -1.067229e-01 -3.199721e-01 
-7.683851e-02 1.218847e-02 0.000000e+00 -1.080651e-02 0.000000e+00 0.000000e+00 -1.443312e+00 5.941715e-01 -4.362916e-02 3.798245e-03 0.000000e+00 -6.447328e-03 0.000000e+00 0.000000e+00 7.360826e-02 -1.104124e-01 -3.414898e-01 
-8.126936e-02 1.255543e-02 0.000000e+00 -1.146324e-02 0.000000e+00 0.000000e+00 -1.435828e+00 5.829455e-01 -4.498645e-02 3.534467e-03 0.000000e+00 -6.687657e-03 0.000000e+00 0.000000e+00 7.607282e-02 -1.141092e-01 -3.636621e-01 
-8.583539e-02 1.289413e-02 0.000000e+00 -1.214412e-02 0.000000e+00 0.000000e+00 -1.428097e+00 5.713495e-01 -4.633254e-02 3.232621e-03 0.000000e+00 -6.930481e-03 0.000000e+00 0.000000e+00 7.853982e-02 -1.178097e-01 -3.864597e-01 
-9.053539e-02 1.320069e-02 0.000000e+00 -1.284941e-02 0.000000e+00 0.000000e+00 -1.420120e+00 5.593835e-01 -4.766516e-02 2.891387e-03 0.000000e+00 -7.175640e-03 0.000000e+00 0.000000e+00 8.100681e-02 -1.215102e-01 -4.098499e-01 
-9.536789e-02 1.347110e-02 0.000000e+00 -1.357932e-02 0.000000e+00 0.000000e+00 -1.411896e+00 5.470476e-01 -4.898207e-02 2.509552e-03 0.000000e+00 -7.422966e-03 0.000000e+00 0.000000e+00 8.347137e-02 -1.252071e-01 -4.337986e-01 
-1.003312e-01 1.370127e-02 0.000000e+00 -1.433406e-02 0.000000e+00 0.000000e+00 -1.403426e+00 5.343424e-01 -5.028100e-02 2.086022e-03 0.000000e+00 -7.672283e-03 0.000000e+00 0.000000e+00 8.593107e-02 -1.288966e-01 -4.582690e-01 
-1.054234e-01 1.388693e-02 0.000000e+00 -1.511383e-02 0.000000e+00 0.000000e+00 -1.394710e+00 5.212687e-01 -5.155967e-02 1.619744e-03 0.000000e+00 -7.923409e-03 0.000000e+00 0.000000e+00 8.838347e-02 -1.325752e-01 -4.832217e-01 
-1.106424e-01 1.402375e-02 0.000000e+00 -1.591880e-02 0.000000e+00 0.000000e+00 -1.385749e+00 5.078278e-01 -5.281579e-02 1.109783e-03 0.000000e+00 -8.176155e-03 0.000000e+00 0.000000e+00 9.082615e-02 -1.362392e-01 -5.086157e-01 
-1.159857e-01 1.410733e-02 0.000000e+00 -1.674911e-02 0.000000e+00 0.000000e+00 -1.376545e+00 4.940214e-01 -5.404709e-02 5.553167e-04 0.000000e+00 -8.430327e-03 0.000000e+00 0.000000e+00 9.325671e-02 -1.398851e-01 -5.344086e-01 
-1.214509e-01 1.413321e-02 0.000000e+00 -1.760491e-02 0.000000e+00 0.000000e+00 -1.367099e+00 4.798515e-01 -5.525131e-02 -4.435871e-05 0.000000e+00 -8.685720e-03 0.000000e+00 0.000000e+00 9.567275e-02 -1.435091e-01 -5.605569e-01 
-1.270350e-01 1.409686e-02 0.000000e+00 -1.848630e-02 0.000000e+00 0.000000e+00 -1.357411e+00 4.653204e-01 -5.642619e-02 -6.898327e-04 0.000000e+00 -8.942124e-03 0.000000e+00 0.000000e+00 9.807187e-02 -1.471078e-01 -5.870156e-01 
-1.327351e-01 1.399369e-02 0.000000e+00 -1.939336e-02 0.000000e+00 0.000000e+00 -1.347485e+00 4.504309e-01 -5.756951e-02 -1.381579e-03 0.000000e+00 -9.199322e-03 0.000000e+00 0.000000e+00 1.004517e-01 -1.506776e-01 -6.137383e-01 
-1.385478e-01 1.381904e-02 0.000000e+00 -2.032618e-02 0.000000e+00 0.000000e+00 -1.337322e+00 4.351860e-01 -5.867903e-02 -2.119956e-03 0.000000e+00 -9.457090e-03 0.000000e+00 0.000000e+00 1.028100e-01 -1.542149e-01 -6.406776e-01 
-1.444697e-01 1.356819e-02 0.000000e+00 -2.128479e-02 0.000000e+00 0.000000e+00 -1.326924e+00 4.195891e-01 -5.975254e-02 -2.905203e-03 0.000000e+00 -9.715195e-03 0.000000e+00 0.000000e+00 1.051442e-01 -1.577163e-01 -6.677845e-01 
-1.504970e-01 1.323648e-02 0.000000e+00 -2.226922e-02 0.000000e+00 0.000000e+00 -1.316294e+00 4.036441e-01 -6.078787e-02 -3.737402e-03 0.000000e+00 -9.973398e-03 0.000000e+00 0.000000e+00 1.074523e-01 -1.611784e-01 -6.950108e-01 
-1.566259e-01 1.281919e-02 0.000000e+00 -2.327946e-02 0.000000e+00 0.000000e+00 -1.305434e+00 3.873549e-01 -6.178291e-02 -4.616493e-03 0.000000e+00 -1.023145e-02 0.000000e+00 0.000000e+00 1.097317e-01 -1.645976e-01 -7.223075e-01 
-1.628522e-01 1.231163e-02 0.000000e+00 -2.431549e-02 0.000000e+00 0.000000e+00 -1.294348e+00 3.707261e-01 -6.273556e-02 -5.542280e-03 0.000000e+00 -1.048911e-02 0.000000e+00 0.000000e+00 1.119804e-01 -1.679707e-01 -7.496256e-01 
-1.691716e-01 1.170914e-02 0.000000e+00 -2.537726e-02 0.000000e+00 0.000000e+00 -1.283039e+00 3.537624e-01 -6.364381e-02 -6.514417e-03 0.000000e+00 -1.074610e-02 0.000000e+00 0.000000e+00 1.141961e-01 -1.712942e-01 -7.769164e-01 
-1.755794e-01 1.100715e-02 0.000000e+00 -2.646469e-02 0.000000e+00 0.000000e+00 -1.271510e+00 3.364690e-01 -6.450568e-02 -7.532408e-03 0.000000e+00 -1.100217e-02 0.000000e+00 0.000000e+00 1.163767e-01 -1.745650e-01 -8.041318e-01 
-1.820711e-01 1.020112e-02 0.000000e+00 -2.757766e-02 0.000000e+00 0.000000e+00 -1.259765e+00 3.188513e-01 -6.531929e-02 -8.595606e-03 0.000000e+00 -1.125705e-02 0.000000e+00 0.000000e+00 1.185198e-01 -1.777798e-01 -8.312243e-01 
-1.886416e-01 9.286566e-03 0.000000e+00 -2.871605e-02 0.000000e+00 0.000000e+00 -1.247808e+00 3.009150e-01 -6.608281e-02 -9.703215e-03 0.000000e+00 -1.151045e-02 0.000000e+00 0.000000e+00 1.206236e-01 -1.809353e-01 -8.581465e-01 
-1.952859e-01 8.259067e-03 0.000000e+00 -2.987969e-02 0.000000e+00 0.000000e+00 -1.235642e+00 2.826663e-01 -6.679447e-02 -1.085429e-02 0.000000e+00 -1.176209e-02 0.000000e+00 0.000000e+00 1.226857e-01 -1.840286e-01 -8.848520e-01 
-2.019987e-01 7.114331e-03 0.000000e+00 -3.106839e-02 0.000000e+00 0.000000e+00 -1.223272e+00 2.641115e-01 -6.745260e-02 -1.204773e-02 0.000000e+00 -1.201169e-02 0.000000e+00 0.000000e+00 1.247044e-01 -1.870565e-01 -9.112953e-01 
-2.087746e-01 5.848180e-03 0.000000e+00 -3.228195e-02 0.000000e+00 0.000000e+00 -1.210702e+00 2.452572e-01 -6.805561e-02 -1.328229e-02 0.000000e+00 -1.225895e-02 0.000000e+00 0.000000e+00 1.266774e-01 -1.900161e-01 -9.374323e-01 
-2.156080e-01 4.456552e-03 0.000000e+00 -3.352010e-02 0.000000e+00 0.000000e+00 -1.197938e+00 2.261106e-01 -6.860203e-02 -1.455655e-02 0.000000e+00 -1.250358e-02 0.000000e+00 0.000000e+00 1.286030e-01 -1.929045e-01 -9.632199e-01 
-2.224931e-01 2.935563e-03 0.000000e+00 -3.478257e-02 0.000000e+00 0.000000e+00 -1.184983e+00 2.066788e-01 -6.909047e-02 -1.586896e-02 0.000000e+00 -1.274528e-02 0.000000e+00 0.000000e+00 1.304791e-01 -1.957187e-01 -9.886164e-01 
-2.294241e-01 1.281498e-03 0.000000e+00 -3.606905e-02 0.000000e+00 0.000000e+00 -1.171844e+00 1.869694e-01 -6.951968e-02 -1.721782e-02 0.000000e+00 -1.298374e-02 0.000000e+00 0.000000e+00 1.323040e-01 -1.984560e-01 -1.013582e+00 
-2.363950e-01 -5.091801e-04 0.000000e+00 -3.737920e-02 0.000000e+00 0.000000e+00 -1.158524e+00 1.669903e-01 -6.988850e-02 -1.860131e-02 0.000000e+00 -1.321867e-02 0.000000e+00 0.000000e+00 1.340759e-01 -2.011138e-01 -1.038077e+00 
-2.433997e-01 -2.439835e-03 0.000000e+00 -3.871265e-02 0.000000e+00 0.000000e+00 -1.145030e+00 1.467494e-01 -7.019591e-02 -2.001743e-02 0.000000e+00 -1.344975e-02 0.000000e+00 0.000000e+00 1.357929e-01 -2.036893e-01 -1.062065e+00 
-2.504321e-01 -4.513654e-03 0.000000e+00 -4.006901e-02 0.000000e+00 0.000000e+00 -1.131368e+00 1.262552e-01 -7.044098e-02 -2.146407e-02 0.000000e+00 -1.367669e-02 0.000000e+00 0.000000e+00 1.374534e-01 -2.061801e-01 -1.085510e+00 
-2.574858e-01 -6.733569e-03 0.000000e+00 -4.144784e-02 0.000000e+00 0.000000e+00 -1.117542e+00 1.055163e-01 -7.062294e-02 -2.293898e-02 0.000000e+00 -1.389917e-02 0.000000e+00 0.000000e+00 1.390558e-01 -2.085837e-01 -1.108377e+00 
-2.645546e-01 -9.102298e-03 0.000000e+00 -4.284868e-02 0.000000e+00 0.000000e+00 -1.103559e+00 8.454148e-02 -7.074115e-02 -2.443978e-02 0.000000e+00 -1.411689e-02 0.000000e+00 0.000000e+00 1.405984e-01 -2.108977e-01 -1.130634e+00 
-2.716319e-01 -1.162231e-02 0.000000e+00 -4.427105e-02 0.000000e+00 0.000000e+00 -1.089424e+00 6.333984e-02 -7.079510e-02 -2.596397e-02 0.000000e+00 -1.432954e-02 0.000000e+00 0.000000e+00 1.420799e-01 -2.131198e-01 -1.152249e+00 
-2.787114e-01 -1.429581e-02 0.000000e+00 -4.571441e-02 0.000000e+00 0.000000e+00 -1.075145e+00 4.192066e-02 -7.078444e-02 -2.750896e-02 0.000000e+00 -1.453682e-02 0.000000e+00 0.000000e+00 1.434986e-01 -2.152479e-01 -1.173192e+00 
-2.857866e-01 -1.712473e-02 0.000000e+00 -4.717822e-02 0.000000e+00 0.000000e+00 -1.060727e+00 2.029347e-02 -7.070896e-02 -2.907204e-02 0.000000e+00 -1.473843e-02 0.000000e+00 0.000000e+00 1.448532e-01 -2.172798e-01 -1.193436e+00 
-2.928510e-01 -2.011073e-02 0.000000e+00 -4.866190e-02 0.000000e+00 0.000000e+00 -1.046176e+00 -1.532019e-03 -7.056859e-02 -3.065043e-02 0.000000e+00 -1.493408e-02 0.000000e+00 0.000000e+00 1.461423e-01 -2.192135e-01 -1.212952e+00 
-2.998982e-01 -2.325521e-02 0.000000e+00 -5.016483e-02 0.000000e+00 0.000000e+00 -1.031500e+00 -2.354589e-02 -7.036342e-02 -3.224122e-02 0.000000e+00 -1.512347e-02 0.000000e+00 0.000000e+00 1.473648e-01 -2.210472e-01 -1.231715e+00 
-3.069216e-01 -2.655928e-02 0.000000e+00 -5.168638e-02 0.000000e+00 0.000000e+00 -1.016706e+00 -4.573806e-02 -7.009369e-02 -3.384145e-02 0.000000e+00 -1.530632e-02 0.000000e+00 0.000000e+00 1.485193e-01 -2.227790e-01 -1.249700e+00 
-3.139149e-01 -3.002371e-02 0.000000e+00 -5.322587e-02 0.000000e+00 0.000000e+00 -1.001799e+00 -6.809823e-02 -6.975977e-02 -3.544808e-02 0.000000e+00 -1.548235e-02 0.000000e+00 0.000000e+00 1.496048e-01 -2.244072e-01 -1.266883e+00 
-3.208715e-01 -3.364899e-02 0.000000e+00 -5.478261e-02 0.000000e+00 0.000000e+00 -9.867869e-01 -9.061598e-02 -6.936224e-02 -3.705797e-02 0.000000e+00 -1.565127e-02 0.000000e+00 0.000000e+00 1.506201e-01 -2.259301e-01 -1.283242e+00 
-3.277852e-01 -3.743531e-02 0.000000e+00 -5.635588e-02 0.000000e+00 0.000000e+00 -9.716771e-01 -1.132807e-01 -6.890178e-02 -3.866795e-02 0.000000e+00 -1.581284e-02 0.000000e+00 0.000000e+00 1.515643e-01 -2.273464e-01 -1.298756e+00 
-3.346497e-01 -4.138249e-02 0.000000e+00 -5.794492e-02 0.000000e+00 0.000000e+00 -9.564764e-01 -1.360817e-01 -6.837925e-02 -4.027484e-02 0.000000e+00 -1.596677e-02 0.000000e+00 0.000000e+00 1.524364e-01 -2.286546e-01 -1.313402e+00 
-3.414589e-01 -4.549008e-02 0.000000e+00 -5.954897e-02 0.000000e+00 0.000000e+00 -9.411922e-01 -1.590080e-01 -6.779565e-02 -4.187544e-02 0.000000e+00 -1.611284e-02 0.000000e+00 0.000000e+00 1.532356e-01 -2.298534e-01 -1.327162e+00 
-3.482068e-01 -4.975727e-02 0.000000e+00 -6.116721e-02 0.000000e+00 0.000000e+00 -9.258318e-01 -1.820487e-01 -6.715211e-02 -4.346651e-02 0.000000e+00 -1.625080e-02 0.000000e+00 0.000000e+00 1.539611e-01 -2.309417e-01 -1.340015e+00 
-3.548874e-01 -5.418296e-02 0.000000e+00 -6.279885e-02 0.000000e+00 0.000000e+00 -9.104025e-01 -2.051926e-01 -6.644995e-02 -4.504480e-02 0.000000e+00 -1.638043e-02 0.000000e+00 0.000000e+00 1.546122e-01 -2.319182e-01 -1.351942e+00 
-3.614949e-01 -5.876569e-02 0.000000e+00 -6.444302e-02 0.000000e+00 0.000000e+00 -8.949118e-01 -2.284286e-01 -6.569059e-02 -4.660706e-02 0.000000e+00 -1.650150e-02 0.000000e+00 0.000000e+00 1.551881e-01 -2.327822e-01 -1.362925e+00 
-3.680237e-01 -6.350374e-02 0.000000e+00 -6.609886e-02 0.000000e+00 0.000000e+00 -8.793674e-01 -2.517453e-01 -6.487562e-02 -4.815001e-02 0.000000e+00 -1.661380e-02 0.000000e+00 0.000000e+00 1.556885e-01 -2.335327e-01 -1.372948e+00 
-3.744684e-01 -6.839515e-02 0.000000e+00 -6.776551e-02 0.000000e+00 0.000000e+00 -8.637767e-01 -2.751313e-01 -6.400662e-02 -4.967057e-02 0.000000e+00 -1.671716e-02 0.000000e+00 0.000000e+00 1.561127e-01 -2.341690e-01 -1.381993e+00 
-3.808236e-01 -7.343741e-02 0.000000e+00 -6.944205e-02 0.000000e+00 0.000000e+00 -8.481474e-01 -2.985752e-01 -6.308554e-02 -5.116545e-02 0.000000e+00 -1.681138e-02 0.000000e+00 0.000000e+00 1.564603e-01 -2.346905e-01 -1.390042e+00 
-3.870841e-01 -7.862766e-02 0.000000e+00 -7.112754e-02 0.000000e+00 0.000000e+00 -8.324872e-01 -3.220655e-01 -6.211442e-02 -5.263142e-02 0.000000e+00 -1.689629e-02 0.000000e+00 0.000000e+00 1.567311e-01 -2.350966e-01 -1.397080e+00 
-3.932450e-01 -8.396282e-02 0.000000e+00 -7.282102e-02 0.000000e+00 0.000000e+00 -8.168038e-01 -3.455907e-01 -6.109541e-02 -5.406532e-02 0.000000e+00 -1.697175e-02 0.000000e+00 0.000000e+00 1.569247e-01 -2.353870e-01 -1.403088e+00 
-3.993016e-01 -8.943951e-02 0.000000e+00 -7.452156e-02 0.000000e+00 0.000000e+00 -8.011048e-01 -3.691391e-01 -6.003070e-02 -5.546412e-02 0.000000e+00 -1.703761e-02 0.000000e+00 0.000000e+00 1.570409e-01 -2.355613e-01 -1.408052e+00 
-4.052494e-01 -9.505408e-02 0.000000e+00 -7.622818e-02 0.000000e+00 0.000000e+00 -7.853982e-01 -3.926991e-01 -5.892259e-02 -5.682488e-02 0.000000e+00 -1.709374e-02 0.000000e+00 0.000000e+00 1.570796e-01 -2.356194e-01 -1.411956e+00 
-4.110843e-01 -1.008026e-01 0.000000e+00 -7.793991e-02 0.000000e+00 0.000000e+00 -7.696915e-01 -4.162591e-01 -5.777344e-02 -5.814477e-02 0.000000e+00 -1.714004e-02 0.000000e+00 0.000000e+00 1.570409e-01 -2.355613e-01 -1.414788e+00 
-4.168024e-01 -1.066810e-01 0.000000e+00 -7.965577e-02 0.000000e+00 0.000000e+00 -7.539926e-01 -4.398075e-01 -5.658569e-02 -5.942104e-02 0.000000e+00 -1.717642e-02 0.000000e+00 0.000000e+00 1.569247e-01 -2.353870e-01 -1.416534e+00 
-4.223999e-01 -1.126848e-01 0.000000e+00 -8.137478e-02 0.000000e+00 0.000000e+00 -7.383091e-01 -4.633326e-01 -5.536186e-02 -6.065108e-02 0.000000e+00 -1.720280e-02 0.000000e+00 0.000000e+00 1.567311e-01 -2.350966e-01 -1.417182e+00 
-4.278734e-01 -1.188092e-01 0.000000e+00 -8.309594e-02 0.000000e+00 0.000000e+00 -7.226489e-01 -4.868229e-01 -5.410453e-02 -6.183234e-02 0.000000e+00 -1.721912e-02 0.000000e+00 0.000000e+00 1.564603e-01 -2.346905e-01 -1.416721e+00 
-4.332197e-01 -1.250494e-01 0.000000e+00 -8.481824e-02 0.000000e+00 0.000000e+00 -7.070196e-01 -5.102669e-01 -5.281638e-02 -6.296241e-02 0.000000e+00 -1.722533e-02 0.000000e+00 0.000000e+00 1.561127e-01 -2.341690e-01 -1.415142e+00 
-4.384358e-01 -1.314000e-01 0.000000e+00 -8.654068e-02 0.000000e+00 0.000000e+00 -6.914289e-01 -5.336529e-01 -5.150014e-02 -6.403895e-02 0.000000e+00 -1.722140e-02 0.000000e+00 0.000000e+00 1.556885e-01 -2.335327e-01 -1.412434e+00 
-4.435192e-01 -1.378556e-01 0.000000e+00 -8.826223e-02 0.000000e+00 0.000000e+00 -6.758845e-01 -5.569696e-01 -5.015866e-02 -6.505974e-02 0.000000e+00 -1.720731e-02 0.000000e+00 0.000000e+00 1.551881e-01 -2.327822e-01 -1.408589e+00 
-4.484672e-01 -1.444105e-01 0.000000e+00 -8.998187e-02 0.000000e+00 0.000000e+00 -6.603938e-01 -5.802056e-01 -4.879481e-02 -6.602266e-02 0.000000e+00 -1.718308e-02 0.000000e+00 0.000000e+00 1.546122e-01 -2.319182e-01 -1.403600e+00 
-4.532777e-01 -1.510585e-01 0.000000e+00 -9.169855e-02 0.000000e+00 0.000000e+00 -6.449646e-01 -6.033495e-01 -4.741158e-02 -6.692569e-02 0.000000e+00 -1.714871e-02 0.000000e+00 0.000000e+00 1.539611e-01 -2.309417e-01 -1.397460e+00 
-4.579489e-01 -1.577938e-01 0.000000e+00 -9.341130e-02 0.000000e+00 0.000000e+00 -6.296041e-01 -6.263902e-01 -4.601170e-02 -6.776710e-02 0.000000e+00 -1.710423e-02 0.000000e+00 0.000000e+00 1.532356e-01 -2.298534e-01 -1.390169e+00 
-4.624794e-01 -1.646102e-01 0.000000e+00 -9.511910e-02 0.000000e+00 0.000000e+00 -6.143199e-01 -6.493165e-01 -4.459802e-02 -6.854535e-02 0.000000e+00 -1.704970e-02 0.000000e+00 0.000000e+00 1.524364e-01 -2.286546e-01 -1.381725e+00 
-4.668680e-01 -1.715011e-01 0.000000e+00 -9.682094e-02 0.000000e+00 0.000000e+00 -5.991192e-01 -6.721175e-01 -4.317351e-02 -6.925895e-02 0.000000e+00 -1.698519e-02 0.000000e+00 0.000000e+00 1.515643e-01 -2.273464e-01 -1.372128e+00 
-4.711138e-01 -1.784599e-01 0.000000e+00 -9.851582e-02 0.000000e+00 0.000000e+00 -5.840094e-01 -6.947822e-01 -4.174106e-02 -6.990661e-02 0.000000e+00 -1.691077e-02 0.000000e+00 0.000000e+00 1.506201e-01 -2.259301e-01 -1.361382e+00 
-4.752161e-01 -1.854801e-01 0.000000e+00 -1.002028e-01 0.000000e+00 0.000000e+00 -5.689976e-01 -7.172999e-01 -4.030350e-02 -7.048720e-02 0.000000e+00 -1.682656e-02 0.000000e+00 0.000000e+00 1.496048e-01 -2.244072e-01 -1.349492e+00 
-4.791746e-01 -1.925547e-01 0.000000e+00 -1.018808e-01 0.000000e+00 0.000000e+00 -5.540908e-01 -7.396601e-01 -3.886363e-02 -7.099974e-02 0.000000e+00 -1.673264e-02 0.000000e+00 0.000000e+00 1.485193e-01 -2.227790e-01 -1.336469e+00 
-4.829890e-01 -1.996772e-01 0.000000e+00 -1.035489e-01 0.000000e+00 0.000000e+00 -5.392960e-01 -7.618523e-01 -3.742416e-02 -7.144342e-02 0.000000e+00 -1.662916e-02 0.000000e+00 0.000000e+00 1.473648e-01 -2.210472e-01 -1.322322e+00 
-4.866597e-01 -2.068405e-01 0.000000e+00 -1.052062e-01 0.000000e+00 0.000000e+00 -5.246201e-01 -7.838661e-01 -3.598779e-02 -7.181761e-02 0.000000e+00 -1.651624e-02 0.000000e+00 0.000000e+00 1.461423e-01 -2.192135e-01 -1.307068e+00 
-4.901869e-01 -2.140379e-01 0.000000e+00 -1.068518e-01 0.000000e+00 0.000000e+00 -5.100698e-01 -8.056916e-01 -3.455712e-02 -7.212182e-02 0.000000e+00 -1.639405e-02 0.000000e+00 0.000000e+00 1.448532e-01 -2.172798e-01 -1.290724e+00 
-4.935715e-01 -2.212623e-01 0.000000e+00 -1.084847e-01 0.000000e+00 0.000000e+00 -4.956517e-01 -8.273188e-01 -3.313472e-02 -7.235574e-02 0.000000e+00 -1.626273e-02 0.000000e+00 0.000000e+00 1.434986e-01 -2.152479e-01 -1.273311e+00 
-4.968142e-01 -2.285068e-01 0.000000e+00 -1.101041e-01 0.000000e+00 0.000000e+00 -4.813722e-01 -8.487380e-01 -3.172310e-02 -7.251922e-02 0.000000e+00 -1.612248e-02 0.000000e+00 0.000000e+00 1.420799e-01 -2.131198e-01 -1.254853e+00 
-4.999164e-01 -2.357642e-01 0.000000e+00 -1.117090e-01 0.000000e+00 0.000000e+00 -4.672378e-01 -8.699396e-01 -3.032472e-02 -7.261226e-02 0.000000e+00 -1.597349e-02 0.000000e+00 0.000000e+00 1.405984e-01 -2.108977e-01 -1.235376e+00 
-5.028796e-01 -2.430273e-01 0.000000e+00 -1.132985e-01 0.000000e+00 0.000000e+00 -4.532546e-01 -8.909145e-01 -2.894197e-02 -7.263505e-02 0.000000e+00 -1.581595e-02 0.000000e+00 0.000000e+00 1.390558e-01 -2.085837e-01 -1.214909e+00 
-5.057053e-01 -2.502891e-01 0.000000e+00 -1.148719e-01 0.000000e+00 0.000000e+00 -4.394286e-01 -9.116534e-01 -2.757718e-02 -7.258790e-02 0.000000e+00 -1.565009e-02 0.000000e+00 0.000000e+00 1.374534e-01 -2.061801e-01 -1.193487e+00 
-5.083955e-01 -2.575428e-01 0.000000e+00 -1.164283e-01 0.000000e+00 0.000000e+00 -4.257658e-01 -9.321476e-01 -2.623243e-02 -7.247125e-02 0.000000e+00 -1.547613e-02 0.000000e+00 0.000000e+00 1.357929e-01 -2.036893e-01 -1.171142e+00 
-5.109522e-01 -2.647814e-01 0.000000e+00 -1.179669e-01 0.000000e+00 0.000000e+00 -4.122719e-01 -9.523884e-01 -2.490976e-02 -7.228577e-02 0.000000e+00 -1.529430e-02 0.000000e+00 0.000000e+00 1.340759e-01 -2.011138e-01 -1.147918e+00 
-5.133779e-01 -2.719979e-01 0.000000e+00 -1.194869e-01 0.000000e+00 0.000000e+00 -3.989525e-01 -9.723676e-01 -2.361115e-02 -7.203229e-02 0.000000e+00 -1.510486e-02 0.000000e+00 0.000000e+00 1.323040e-01 -1.984560e-01 -1.123859e+00 
-5.156752e-01 -2.791857e-01 0.000000e+00 -1.209876e-01 0.000000e+00 0.000000e+00 -3.858129e-01 -9.920770e-01 -2.233840e-02 -7.171173e-02 0.000000e+00 -1.490805e-02 0.000000e+00 0.000000e+00 1.304791e-01 -1.957187e-01 -1.099011e+00 
-5.178467e-01 -2.863379e-01 0.000000e+00 -1.224683e-01 0.000000e+00 0.000000e+00 -3.728584e-01 -1.011509e+00 -2.109324e-02 -7.132517e-02 0.000000e+00 -1.470415e-02 0.000000e+00 0.000000e+00 1.286030e-01 -1.929045e-01 -1.073424e+00 
-5.198952e-01 -2.934482e-01 0.000000e+00 -1.239282e-01 0.000000e+00 0.000000e+00 -3.600939e-01 -1.030655e+00 -1.987725e-02 -7.087375e-02 0.000000e+00 -1.449341e-02 0.000000e+00 0.000000e+00 1.266774e-01 -1.900161e-01 -1.047147e+00 
-5.218236e-01 -3.005102e-01 0.000000e+00 -1.253667e-01 0.000000e+00 0.000000e+00 -3.475245e-01 -1.049510e+00 -1.869187e-02 -7.035877e-02 0.000000e+00 -1.427612e-02 0.000000e+00 0.000000e+00 1.247044e-01 -1.870565e-01 -1.020235e+00 
-5.236351e-01 -3.075175e-01 0.000000e+00 -1.267832e-01 0.000000e+00 0.000000e+00 -3.351546e-01 -1.068064e+00 -1.753844e-02 -6.978163e-02 0.000000e+00 -1.405255e-02 0.000000e+00 0.000000e+00 1.226857e-01 -1.840286e-01 -9.927433e-01 
-5.253327e-01 -3.144642e-01 0.000000e+00 -1.281770e-01 0.000000e+00 0.000000e+00 -3.229888e-01 -1.086313e+00 -1.641816e-02 -6.914383e-02 0.000000e+00 -1.382299e-02 0.000000e+00 0.000000e+00 1.206236e-01 -1.809353e-01 -9.647288e-01 
-5.269200e-01 -3.213442e-01 0.000000e+00 -1.295476e-01 0.000000e+00 0.000000e+00 -3.110313e-01 -1.104249e+00 -1.533212e-02 -6.844699e-02 0.000000e+00 -1.358773e-02 0.000000e+00 0.000000e+00 1.185198e-01 -1.777798e-01 -9.362515e-01 
-5.284002e-01 -3.281518e-01 0.000000e+00 -1.308944e-01 0.000000e+00 0.000000e+00 -2.992861e-01 -1.121867e+00 -1.428126e-02 -6.769288e-02 0.000000e+00 -1.334708e-02 0.000000e+00 0.000000e+00 1.163767e-01 -1.745650e-01 -9.073734e-01 
-5.297771e-01 -3.348812e-01 0.000000e+00 -1.322169e-01 0.000000e+00 0.000000e+00 -2.877572e-01 -1.139161e+00 -1.326643e-02 -6.688333e-02 0.000000e+00 -1.310133e-02 0.000000e+00 0.000000e+00 1.141961e-01 -1.712942e-01 -8.781586e-01 
-5.310544e-01 -3.415270e-01 0.000000e+00 -1.335145e-01 0.000000e+00 0.000000e+00 -2.764481e-01 -1.156124e+00 -1.228831e-02 -6.602032e-02 0.000000e+00 -1.285080e-02 0.000000e+00 0.000000e+00 1.119804e-01 -1.679707e-01 -8.486735e-01 
-5.322358e-01 -3.480837e-01 0.000000e+00 -1.347869e-01 0.000000e+00 0.000000e+00 -2.653622e-01 -1.172753e+00 -1.134751e-02 -6.510588e-02 0.000000e+00 -1.259580e-02 0.000000e+00 0.000000e+00 1.097317e-01 -1.645976e-01 -8.189841e-01 
-5.333249e-01 -3.545466e-01 0.000000e+00 -1.360335e-01 0.000000e+00 0.000000e+00 -2.545027e-01 -1.189042e+00 -1.044452e-02 -6.414195e-02 0.000000e+00 -1.233664e-02 0.000000e+00 0.000000e+00 1.074523e-01 -1.611784e-01 -7.891505e-01 
-5.343255e-01 -3.609106e-01 0.000000e+00 -1.372541e-01 0.000000e+00 0.000000e+00 -2.438727e-01 -1.204987e+00 -9.579613e-03 -6.313076e-02 0.000000e+00 -1.207363e-02 0.000000e+00 0.000000e+00 1.051442e-01 -1.577163e-01 -7.592428e-01 
-5.352417e-01 -3.671713e-01 0.000000e+00 -1.384481e-01 0.000000e+00 0.000000e+00 -2.334748e-01 -1.220584e+00 -8.752922e-03 -6.207459e-02 0.000000e+00 -1.180710e-02 0.000000e+00 0.000000e+00 1.028100e-01 -1.542149e-01 -7.293301e-01 
-5.360772e-01 -3.733242e-01 0.000000e+00 -1.396154e-01 0.000000e+00 0.000000e+00 -2.233115e-01 -1.235829e+00 -7.964507e-03 -6.097572e-02 0.000000e+00 -1.153736e-02 0.000000e+00 0.000000e+00 1.004517e-01 -1.506776e-01 -6.994798e-01 
-5.368360e-01 -3.793651e-01 0.000000e+00 -1.407555e-01 0.000000e+00 0.000000e+00 -2.133851e-01 -1.250719e+00 -7.214324e-03 -5.983648e-02 0.000000e+00 -1.126474e-02 0.000000e+00 0.000000e+00 9.807187e-02 -1.471078e-01 -6.697572e-01 
-5.375217e-01 -3.852901e-01 0.000000e+00 -1.418682e-01 0.000000e+00 0.000000e+00 -2.036978e-01 -1.265250e+00 -6.502238e-03 -5.865920e-02 0.000000e+00 -1.098955e-02 0.000000e+00 0.000000e+00 9.567275e-02 -1.435091e-01 -6.402258e-01 
-5.381382e-01 -3.910956e-01 0.000000e+00 -1.429533e-01 0.000000e+00 0.000000e+00 -1.942512e-01 -1.279420e+00 -5.828017e-03 -5.744625e-02 0.000000e+00 -1.071211e-02 0.000000e+00 0.000000e+00 9.325671e-02 -1.398851e-01 -6.109469e-01 
-5.386892e-01 -3.967781e-01 0.000000e+00 -1.440106e-01 0.000000e+00 0.000000e+00 -1.850469e-01 -1.293226e+00 -5.191333e-03 -5.620002e-02 0.000000e+00 -1.043273e-02 0.000000e+00 0.000000e+00 9.082615e-02 -1.362392e-01 -5.819802e-01 
-5.391783e-01 -4.023344e-01 0.000000e+00 -1.450398e-01 0.000000e+00 0.000000e+00 -1.760863e-01 -1.306667e+00 -4.591765e-03 -5.492290e-02 0.000000e+00 -1.015173e-02 0.000000e+00 0.000000e+00 8.838347e-02 -1.325752e-01 -5.533830e-01 
-5.396092e-01 -4.077616e-01 0.000000e+00 -1.460409e-01 0.000000e+00 0.000000e+00 -1.673705e-01 -1.319741e+00 -4.028795e-03 -5.361733e-02 0.000000e+00 -9.869434e-03 0.000000e+00 0.000000e+00 8.593107e-02 -1.288966e-01 -5.252110e-01 
-5.399854e-01 -4.130570e-01 0.000000e+00 -1.470137e-01 0.000000e+00 0.000000e+00 -1.589004e-01 -1.332446e+00 -3.501812e-03 -5.228575e-02 0.000000e+00 -9.586141e-03 0.000000e+00 0.000000e+00 8.347137e-02 -1.252071e-01 -4.975178e-01 
-5.403106e-01 -4.182180e-01 0.000000e+00 -1.479581e-01 0.000000e+00 0.000000e+00 -1.506764e-01 -1.344782e+00 -3.010106e-03 -5.093065e-02 0.000000e+00 -9.302168e-03 0.000000e+00 0.000000e+00 8.100681e-02 -1.215102e-01 -4.703551e-01 
-5.405883e-01 -4.232425e-01 0.000000e+00 -1.488741e-01 0.000000e+00 0.000000e+00 -1.426991e-01 -1.356748e+00 -2.552877e-03 -4.955452e-02 0.000000e+00 -9.017828e-03 0.000000e+00 0.000000e+00 7.853982e-02 -1.178097e-01 -4.437725e-01 
-5.408219e-01 -4.281284e-01 0.000000e+00 -1.497617e-01 0.000000e+00 0.000000e+00 -1.349685e-01 -1.368344e+00 -2.129226e-03 -4.815988e-02 0.000000e+00 -8.733430e-03 0.000000e+00 0.000000e+00 7.607282e-02 -1.141092e-01 -4.178179e-01 
-5.410148e-01 -4.328741e-01 0.000000e+00 -1.506208e-01 0.000000e+00 0.000000e+00 -1.274844e-01 -1.379570e+00 -1.738160e-03 -4.674926e-02 0.000000e+00 -8.449283e-03 0.000000e+00 0.000000e+00 7.360826e-02 -1.104124e-01 -3.925370e-01 
-5.411704e-01 -4.374779e-01 0.000000e+00 -1.514516e-01 0.000000e+00 0.000000e+00 -1.202466e-01 -1.390426e+00 -1.378669e-03 -4.532517e-02 0.000000e+00 -8.165693e-03 0.000000e+00 0.000000e+00 7.114857e-02 -1.067229e-01 -3.679714e-01 
-5.412915e-01 -4.419386e-01 0.000000e+00 -1.522540e-01 0.000000e+00 0.000000e+00 -1.132545e-01 -1.400915e+00 -1.049820e-03 -4.388996e-02 0.000000e+00 -7.882954e-03 0.000000e+00 0.000000e+00 6.869617e-02 -1.030443e-01 -3.441537e-01 
-5.413813e-01 -4.462555e-01 0.000000e+00 -1.530282e-01 0.000000e+00 0.000000e+00 -1.065071e-01 -1.411036e+00 -7.504574e-04 -4.244610e-02 0.000000e+00 -7.601362e-03 0.000000e+00 0.000000e+00 6.625348e-02 -9.938022e-02 -3.211154e-01 
-5.414425e-01 -4.504276e-01 0.000000e+00 -1.537743e-01 0.000000e+00 0.000000e+00 -1.000034e-01 -1.420791e+00 -4.794042e-04 -4.099601e-02 0.000000e+00 -7.321213e-03 0.000000e+00 0.000000e+00 6.382292e-02 -9.573438e-02 -2.988851e-01 
-5.414781e-01 -4.544545e-01 0.000000e+00 -1.544925e-01 0.000000e+00 0.000000e+00 -9.374202e-02 -1.430183e+00 -2.354716e-04 -3.954209e-02 0.000000e+00 -7.042794e-03 0.000000e+00 0.000000e+00 6.140689e-02 -9.211033e-02 -2.774870e-01 
-5.414905e-01 -4.583360e-01 0.000000e+00 -1.551829e-01 0.000000e+00 0.000000e+00 -8.772144e-02 -1.439214e+00 -1.745936e-05 -3.808670e-02 0.000000e+00 -6.766392e-03 0.000000e+00 0.000000e+00 5.900776e-02 -8.851164e-02 -2.569420e-01 
-5.414824e-01 -4.620720e-01 0.000000e+00 -1.558458e-01 0.000000e+00 0.000000e+00 -8.193983e-02 -1.447887e+00 1.758440e-04 -3.663215e-02 0.000000e+00 -6.492287e-03 0.000000e+00 0.000000e+00 5.662791e-02 -8.494186e-02 -2.372668e-01 
-5.414562e-01 -4.656627e-01 0.000000e+00 -1.564815e-01 0.000000e+00 0.000000e+00 -7.639514e-02 -1.456204e+00 3.456613e-04 -3.518073e-02 0.000000e+00 -6.220754e-03 0.000000e+00 0.000000e+00 5.426968e-02 -8.140452e-02 -2.184746e-01 
-5.414141e-01 -4.691085e-01 0.000000e+00 -1.570901e-01 0.000000e+00 0.000000e+00 -7.108509e-02 -1.464169e+00 4.932266e-04 -3.373468e-02 0.000000e+00 -5.952067e-03 0.000000e+00 0.000000e+00 5.193540e-02 -7.790310e-02 -2.005747e-01 
-5.413583e-01 -4.724100e-01 0.000000e+00 -1.576720e-01 0.000000e+00 0.000000e+00 -6.600718e-02 -1.471786e+00 6.197853e-04 -3.229622e-02 0.000000e+00 -5.686493e-03 0.000000e+00 0.000000e+00 4.962738e-02 -7.444107e-02 -1.835725e-01 
-5.412908e-01 -4.755681e-01 0.000000e+00 -1.582275e-01 0.000000e+00 0.000000e+00 -6.115866e-02 -1.479058e+00 7.265942e-04 -3.086750e-02 0.000000e+00 -5.424294e-03 0.000000e+00 0.000000e+00 4.734789e-02 -7.102184e-02 -1.674698e-01 
-5.412135e-01 -4.785838e-01 0.000000e+00 -1.587570e-01 0.000000e+00 0.000000e+00 -5.653658e-02 -1.485991e+00 8.149212e-04 -2.945067e-02 0.000000e+00 -5.165729e-03 0.000000e+00 0.000000e+00 4.509919e-02 -6.764878e-02 -1.522644e-01 
-5.411283e-01 -4.814586e-01 0.000000e+00 -1.592608e-01 0.000000e+00 0.000000e+00 -5.213773e-02 -1.492590e+00 8.860459e-04 -2.804782e-02 0.000000e+00 -4.911054e-03 0.000000e+00 0.000000e+00 4.288349e-02 -6.432523e-02 -1.379505e-01 
-5.410368e-01 -4.841938e-01 0.000000e+00 -1.597393e-01 0.000000e+00 0.000000e+00 -4.795871e-02 -1.498858e+00 9.412587e-04 -2.666101e-02 0.000000e+00 -4.660518e-03 0.000000e+00 0.000000e+00 4.070297e-02 -6.105446e-02 -1.245184e-01 
-5.409405e-01 -4.867913e-01 0.000000e+00 -1.601930e-01 0.000000e+00 0.000000e+00 -4.399589e-02 -1.504802e+00 9.818423e-04 -2.529226e-02 0.000000e+00 -4.414366e-03 0.000000e+00 0.000000e+00 3.855980e-02 -5.783970e-02 -1.119551e-01 
-5.408409e-01 -4.892529e-01 0.000000e+00 -1.606223e-01 0.000000e+00 0.000000e+00 -4.024543e-02 -1.510428e+00 1.008957e-03 -2.394348e-02 0.000000e+00 -4.172835e-03 0.000000e+00 0.000000e+00 3.645608e-02 -5.468412e-02 -1.002463e-01 
-5.407392e-01 -4.915807e-01 0.000000e+00 -1.610277e-01 0.000000e+00 0.000000e+00 -3.670329e-02 -1.515741e+00 1.023793e-03 -2.261658e-02 0.000000e+00 -3.936160e-03 0.000000e+00 0.000000e+00 3.439389e-02 -5.159084e-02 -8.937236e-02 
-5.406365e-01 -4.937770e-01 0.000000e+00 -1.614097e-01 0.000000e+00 0.000000e+00 -3.336520e-02 -1.520749e+00 1.027519e-03 -2.131338e-02 0.000000e+00 -3.704569e-03 0.000000e+00 0.000000e+00 3.237527e-02 -4.856291e-02 -7.931123e-02 
-5.405340e-01 -4.958442e-01 0.000000e+00 -1.617688e-01 0.000000e+00 0.000000e+00 -3.022671e-02 -1.525456e+00 1.021263e-03 -2.003568e-02 0.000000e+00 -3.478284e-03 0.000000e+00 0.000000e+00 3.040221e-02 -4.560331e-02 -7.003891e-02 
-5.404325e-01 -4.977851e-01 0.000000e+00 -1.621056e-01 0.000000e+00 0.000000e+00 -2.728318e-02 -1.529872e+00 1.006114e-03 -1.878521e-02 0.000000e+00 -3.257523e-03 0.000000e+00 0.000000e+00 2.847665e-02 -4.271498e-02 -6.152950e-02 
-5.403330e-01 -4.996023e-01 0.000000e+00 -1.624205e-01 0.000000e+00 0.000000e+00 -2.452974e-02 -1.534002e+00 9.831201e-04 -1.756364e-02 0.000000e+00 -3.042496e-03 0.000000e+00 0.000000e+00 2.660050e-02 -3.990076e-02 -5.375521e-02 
-5.402361e-01 -5.012989e-01 0.000000e+00 -1.627143e-01 0.000000e+00 0.000000e+00 -2.196137e-02 -1.537854e+00 9.532899e-04 -1.637258e-02 0.000000e+00 -2.833409e-03 0.000000e+00 0.000000e+00 2.477561e-02 -3.716342e-02 -4.668634e-02 
-5.401425e-01 -5.028779e-01 0.000000e+00 -1.629874e-01 0.000000e+00 0.000000e+00 -1.957285e-02 -1.541437e+00 9.175922e-04 -1.521360e-02 0.000000e+00 -2.630461e-03 0.000000e+00 0.000000e+00 2.300378e-02 -3.450567e-02 -4.029129e-02 
-5.400528e-01 -5.043427e-01 0.000000e+00 -1.632406e-01 0.000000e+00 0.000000e+00 -1.735878e-02 -1.544758e+00 8.769560e-04 -1.408820e-02 0.000000e+00 -2.433846e-03 0.000000e+00 0.000000e+00 2.128675e-02 -3.193013e-02 -3.453657e-02 
-5.399673e-01 -5.056967e-01 0.000000e+00 -1.634744e-01 0.000000e+00 0.000000e+00 -1.531361e-02 -1.547826e+00 8.322700e-04 -1.299782e-02 0.000000e+00 -2.243751e-03 0.000000e+00 0.000000e+00 1.962623e-02 -2.943935e-02 -2.938676e-02 
-5.398865e-01 -5.069435e-01 0.000000e+00 -1.636896e-01 0.000000e+00 0.000000e+00 -1.343160e-02 -1.550649e+00 7.843766e-04 -1.194385e-02 0.000000e+00 -2.060357e-03 0.000000e+00 0.000000e+00 1.802385e-02 -2.703577e-02 -2.480562e-02 
-5.398105e-01 -5.080867e-01 0.000000e+00 -1.638867e-01 0.000000e+00 0.000000e+00 -1.170685e-02 -1.553236e+00 7.340526e-04 -1.092762e-02 0.000000e+00 -1.883840e-03 0.000000e+00 0.000000e+00 1.648119e-02 -2.472178e-02 -2.075787e-02 
-5.397397e-01 -5.091303e-01 0.000000e+00 -1.640666e-01 0.000000e+00 0.000000e+00 -1.013332e-02 -1.555596e+00 6.820316e-04 -9.950385e-03 0.000000e+00 -1.714368e-03 0.000000e+00 0.000000e+00 1.499977e-02 -2.249966e-02 -1.720639e-02 
-5.396741e-01 -5.100781e-01 0.000000e+00 -1.642298e-01 0.000000e+00 0.000000e+00 -8.704807e-03 -1.557739e+00 6.289984e-04 -9.013350e-03 0.000000e+00 -1.552101e-03 0.000000e+00 0.000000e+00 1.358106e-02 -2.037159e-02 -1.411436e-02 
-5.396139e-01 -5.109343e-01 0.000000e+00 -1.643772e-01 0.000000e+00 0.000000e+00 -7.414971e-03 -1.559674e+00 5.755885e-04 -8.117655e-03 0.000000e+00 -1.397194e-03 0.000000e+00 0.000000e+00 1.222646e-02 -1.833968e-02 -1.144534e-02 
-5.395590e-01 -5.117031e-01 0.000000e+00 -1.645095e-01 0.000000e+00 0.000000e+00 -6.257334e-03 -1.561410e+00 5.223881e-04 -7.264383e-03 0.000000e+00 -1.249795e-03 0.000000e+00 0.000000e+00 1.093730e-02 -1.640594e-02 -9.163322e-03 
-5.395094e-01 -5.123887e-01 0.000000e+00 -1.646274e-01 0.000000e+00 0.000000e+00 -5.225288e-03 -1.562958e+00 4.699339e-04 -6.454551e-03 0.000000e+00 -1.110045e-03 0.000000e+00 0.000000e+00 9.714851e-03 -1.457228e-02 -7.232694e-03 
-5.394650e-01 -5.129955e-01 0.000000e+00 -1.647318e-01 0.000000e+00 0.000000e+00 -4.312100e-03 -1.564328e+00 4.187132e-04 -5.689116e-03 0.000000e+00 -9.780773e-04 0.000000e+00 0.000000e+00 8.560328e-03 -1.284049e-02 -5.618255e-03 
-5.394256e-01 -5.135280e-01 0.000000e+00 -1.648233e-01 0.000000e+00 0.000000e+00 -3.510920e-03 -1.565530e+00 3.691654e-04 -4.968976e-03 0.000000e+00 -8.540181e-04 0.000000e+00 0.000000e+00 7.474866e-03 -1.121230e-02 -4.285386e-03 
-5.393911e-01 -5.139908e-01 0.000000e+00 -1.649028e-01 0.000000e+00 0.000000e+00 -2.814789e-03 -1.566574e+00 3.216875e-04 -4.294964e-03 0.000000e+00 -7.379863e-04 0.000000e+00 0.000000e+00 6.459537e-03 -9.689305e-03 -3.201485e-03 
-5.393612e-01 -5.143885e-01 0.000000e+00 -1.649712e-01 0.000000e+00 0.000000e+00 -2.216641e-03 -1.567471e+00 2.766228e-04 -3.667852e-03 0.000000e+00 -6.300934e-04 0.000000e+00 0.000000e+00 5.515342e-03 -8.273013e-03 -2.334712e-03 
-5.393357e-01 -5.147259e-01 0.000000e+00 -1.650291e-01 0.000000e+00 0.000000e+00 -1.709318e-03 -1.568232e+00 2.342751e-04 -3.088352e-03 0.000000e+00 -5.304435e-04 0.000000e+00 0.000000e+00 4.643214e-03 -6.964820e-03 -1.654957e-03 
-5.393142e-01 -5.150078e-01 0.000000e+00 -1.650776e-01 0.000000e+00 0.000000e+00 -1.285568e-03 -1.568868e+00 1.949119e-04 -2.557115e-03 0.000000e+00 -4.391322e-04 0.000000e+00 0.000000e+00 3.844012e-03 -5.766018e-03 -1.134117e-03 
-5.392966e-01 -5.152390e-01 0.000000e+00 -1.651173e-01 0.000000e+00 0.000000e+00 -9.380582e-04 -1.569389e+00 1.587641e-04 -2.074732e-03 0.000000e+00 -3.562477e-04 0.000000e+00 0.000000e+00 3.118527e-03 -4.677790e-03 -7.460987e-04 
-5.392824e-01 -5.154244e-01 0.000000e+00 -1.651491e-01 0.000000e+00 0.000000e+00 -6.593813e-04 -1.569807e+00 1.260261e-04 -1.641735e-03 0.000000e+00 -2.818699e-04 0.000000e+00 0.000000e+00 2.467473e-03 -3.701209e-03 -4.668194e-04 
-5.392713e-01 -5.155690e-01 0.000000e+00 -1.651739e-01 0.000000e+00 0.000000e+00 -4.420611e-04 -1.570133e+00 9.685602e-05 -1.258594e-03 0.000000e+00 -2.160708e-04 0.000000e+00 0.000000e+00 1.891493e-03 -2.837240e-03 -2.742050e-04 
-5.392629e-01 -5.156778e-01 0.000000e+00 -1.651926e-01 0.000000e+00 0.000000e+00 -2.785612e-04 -1.570378e+00 7.137535e-05 -9.257209e-04 0.000000e+00 -1.589146e-04 0.000000e+00 0.000000e+00 1.391156e-03 -2.086734e-03 -1.481982e-04 
-5.392569e-01 -5.157558e-01 0.000000e+00 -1.652060e-01 0.000000e+00 0.000000e+00 -1.612919e-04 -1.570554e+00 4.968350e-05 -6.434708e-04 0.000000e+00 -1.104568e-04 0.000000e+00 0.000000e+00 9.669555e-04 -1.450433e-03 -7.138773e-05 
-5.392528e-01 -5.158082e-01 0.000000e+00 -1.652150e-01 0.000000e+00 0.000000e+00 -8.261814e-05 -1.570672e+00 3.185491e-05 -4.121402e-04 0.000000e+00 -7.074474e-05 0.000000e+00 0.000000e+00 6.193099e-04 -9.289649e-04 -2.903042e-05 
-5.392504e-01 -5.158400e-01 0.000000e+00 -1.652204e-01 0.000000e+00 0.000000e+00 -3.486657e-05 -1.570744e+00 1.794241e-05 -2.319697e-04 0.000000e+00 -3.981718e-05 0.000000e+00 0.000000e+00 3.485625e-04 -5.228437e-04 -8.872785e-06 
-5.392491e-01 -5.158563e-01 0.000000e+00 -1.652232e-01 0.000000e+00 0.000000e+00 -1.033339e-05 -1.570781e+00 7.984261e-06 -1.031456e-04 0.000000e+00 -1.770436e-05 0.000000e+00 0.000000e+00 1.549804e-04 -2.324706e-04 -1.359182e-06 
-5.392486e-01 -5.158623e-01 0.000000e+00 -1.652243e-01 0.000000e+00 0.000000e+00 -1.291864e-06 -1.570794e+00 2.004149e-06 -2.579972e-05 0.000000e+00 -4.427937e-06 0.000000e+00 0.000000e+00 3.875466e-05 -5.813199e-05 3.681569e-07 
-5.392486e-01 -5.158632e-01 0.000000e+00 -1.652244e-01 0.000000e+00 0.000000e+00 0.000000e+00 -1.570796e+00 1.118357e-08 -9.611271e-09 0.000000e+00 -9.857303e-10 0.000000e+00 0.000000e+00 0.000000e+00 -0.000000e+00 4.691517e-07 
