0.000000e+00 0.000000e+00 0.000000e+00 0.000000e+00 0.000000e+00 0.000000e+00 -1.570796e+00 7.853982e-01 0.000000e+00 0.000000e+00 0.000000e+00 0.000000e+00 0.000000e+00 0.000000e+00 0.000000e+00 -0.000000e+00 0.000000e+00 
-2.502856e-07 5.896216e-08 0.000000e+00 -1.057654e-07 0.000000e+00 0.000000e+00 -1.570795e+00 7.853962e-01 -7.508321e-06 1.768801e-06 0.000000e+00 -3.172859e-06 0.000000e+00 0.000000e+00 3.875466e-05 -5.813199e-05 -9.993227e-08 
-2.001674e-06 4.714453e-07 0.000000e+00 -8.458991e-07 0.000000e+00 0.000000e+00 -1.570786e+00 7.853827e-01 -3.002579e-05 7.072872e-06 0.000000e+00 -1.268843e-05 0.000000e+00 0.000000e+00 1.549804e-04 -2.324706e-04 -1.589944e-06 
-6.754782e-06 1.591061e-06 0.000000e+00 -2.854500e-06 0.000000e+00 0.000000e+00 -1.570761e+00 7.853459e-01 -6.753000e-05 1.590592e-05 0.000000e+00 -2.853755e-05 0.000000e+00 0.000000e+00 3.485625e-04 -5.228437e-04 -8.076995e-06 
-1.600653e-05 3.770124e-06 0.000000e+00 -6.764226e-06 0.000000e+00 0.000000e+00 -1.570714e+00 7.852742e-01 -1.199832e-04 2.825499e-05 0.000000e+00 -5.070546e-05 0.000000e+00 0.000000e+00 6.193099e-04 -9.289649e-04 -2.552487e-05 
-3.124852e-05 7.358849e-06 0.000000e+00 -1.320574e-05 0.000000e+00 0.000000e+00 -1.570635e+00 7.851562e-01 -1.873324e-04 4.409906e-05 0.000000e+00 -7.917218e-05 0.000000e+00 0.000000e+00 9.669555e-04 -1.450433e-03 -6.221626e-05 
-5.396704e-05 1.270535e-05 0.000000e+00 -2.280771e-05 0.000000e+00 0.000000e+00 -1.570518e+00 7.849803e-01 -2.695088e-04 6.340905e-05 0.000000e+00 -1.139125e-04 0.000000e+00 0.000000e+00 1.391156e-03 -2.086734e-03 -1.287528e-04 
-8.563833e-05 2.015173e-05 0.000000e+00 -3.619565e-05 0.000000e+00 0.000000e+00 -1.570354e+00 7.847351e-01 -3.664282e-04 8.614463e-05 0.000000e+00 -1.548966e-04 0.000000e+00 0.000000e+00 1.891493e-03 -2.837240e-03 -2.377591e-04 
-1.277340e-04 3.004040e-05 0.000000e+00 -5.399266e-05 0.000000e+00 0.000000e+00 -1.570137e+00 7.844091e-01 -4.779906e-04 1.122570e-04 0.000000e+00 -2.020898e-04 0.000000e+00 0.000000e+00 2.467473e-03 -3.701209e-03 -4.044277e-04 
-1.817169e-04 4.271032e-05 0.000000e+00 -7.681855e-05 0.000000e+00 0.000000e+00 -1.569858e+00 7.839911e-01 -6.040800e-04 1.416866e-04 0.000000e+00 -2.554523e-04 0.000000e+00 0.000000e+00 3.118527e-03 -4.677790e-03 -6.462230e-04 
-2.490336e-04 5.848975e-05 0.000000e+00 -1.052882e-04 0.000000e+00 0.000000e+00 -1.569511e+00 7.834698e-01 -7.445647e-04 1.743579e-04 0.000000e+00 -3.149414e-04 0.000000e+00 0.000000e+00 3.844012e-03 -5.766018e-03 -9.823051e-04 
-3.311141e-04 7.769621e-05 0.000000e+00 -1.400114e-04 0.000000e+00 0.000000e+00 -1.569087e+00 7.828342e-01 -8.992964e-04 2.101800e-04 0.000000e+00 -3.805108e-04 0.000000e+00 0.000000e+00 4.643214e-03 -6.964820e-03 -1.433530e-03 
-4.293719e-04 1.006365e-04 0.000000e+00 -1.815933e-04 0.000000e+00 0.000000e+00 -1.568580e+00 7.820732e-01 -1.068111e-03 2.490458e-04 0.000000e+00 -4.521111e-04 0.000000e+00 0.000000e+00 5.515342e-03 -8.273013e-03 -2.022449e-03 
-5.452041e-04 1.276068e-04 0.000000e+00 -2.306338e-04 0.000000e+00 0.000000e+00 -1.567982e+00 7.811760e-01 -1.250829e-03 2.908327e-04 0.000000e+00 -5.296897e-04 0.000000e+00 0.000000e+00 6.459537e-03 -9.689305e-03 -2.773311e-03 
-6.799913e-04 1.588924e-04 0.000000e+00 -2.877279e-04 0.000000e+00 0.000000e+00 -1.567285e+00 7.801318e-01 -1.447252e-03 3.354022e-04 0.000000e+00 -6.131904e-04 0.000000e+00 0.000000e+00 7.474866e-03 -1.121230e-02 -3.712057e-03 
-8.350976e-04 1.947679e-04 0.000000e+00 -3.534658e-04 0.000000e+00 0.000000e+00 -1.566484e+00 7.789300e-01 -1.657170e-03 3.826002e-04 0.000000e+00 -7.025541e-04 0.000000e+00 0.000000e+00 8.560328e-03 -1.284049e-02 -4.866329e-03 
-1.011863e-03 2.354893e-04 0.000000e+00 -4.284313e-04 0.000000e+00 0.000000e+00 -1.565571e+00 7.775602e-01 -1.880353e-03 4.322536e-04 0.000000e+00 -7.977191e-04 0.000000e+00 0.000000e+00 9.714851e-03 -1.457228e-02 -6.264741e-03 
-1.211600e-03 2.812909e-04 0.000000e+00 -5.132007e-04 0.000000e+00 0.000000e+00 -1.564539e+00 7.760122e-01 -2.116555e-03 4.841673e-04 0.000000e+00 -8.986223e-04 0.000000e+00 0.000000e+00 1.093730e-02 -1.640594e-02 -7.936761e-03 
-1.435599e-03 3.323908e-04 0.000000e+00 -6.083448e-04 0.000000e+00 0.000000e+00 -1.563381e+00 7.742757e-01 -2.365517e-03 5.381287e-04 0.000000e+00 -1.005198e-03 0.000000e+00 0.000000e+00 1.222646e-02 -1.833968e-02 -9.913065e-03 
-1.685122e-03 3.889813e-04 0.000000e+00 -7.144275e-04 0.000000e+00 0.000000e+00 -1.562092e+00 7.723410e-01 -2.626961e-03 5.939050e-04 0.000000e+00 -1.117379e-03 0.000000e+00 0.000000e+00 1.358106e-02 -2.037159e-02 -1.222465e-02 
-1.961401e-03 4.512290e-04 0.000000e+00 -8.320055e-04 0.000000e+00 0.000000e+00 -1.560663e+00 7.701982e-01 -2.900593e-03 6.512434e-04 0.000000e+00 -1.235096e-03 0.000000e+00 0.000000e+00 1.499977e-02 -2.249966e-02 -1.490282e-02 
-2.265638e-03 5.192747e-04 0.000000e+00 -9.616289e-04 0.000000e+00 0.000000e+00 -1.559089e+00 7.678379e-01 -3.186104e-03 7.098710e-04 0.000000e+00 -1.358277e-03 0.000000e+00 0.000000e+00 1.648119e-02 -2.472178e-02 -1.797921e-02 
-2.599005e-03 5.932337e-04 0.000000e+00 -1.103841e-03 0.000000e+00 0.000000e+00 -1.557365e+00 7.652508e-01 -3.483169e-03 7.694946e-04 0.000000e+00 -1.486852e-03 0.000000e+00 0.000000e+00 1.802385e-02 -2.703577e-02 -2.148575e-02 
-2.962643e-03 6.731928e-04 0.000000e+00 -1.259176e-03 0.000000e+00 0.000000e+00 -1.555483e+00 7.624277e-01 -3.791447e-03 8.298018e-04 0.000000e+00 -1.620745e-03 0.000000e+00 0.000000e+00 1.962623e-02 -2.943935e-02 -2.545443e-02 
-3.357653e-03 7.592017e-04 0.000000e+00 -1.428164e-03 0.000000e+00 0.000000e+00 -1.553438e+00 7.593600e-01 -4.110580e-03 8.904597e-04 0.000000e+00 -1.759881e-03 0.000000e+00 0.000000e+00 2.128675e-02 -3.193013e-02 -2.991643e-02 
-3.785105e-03 8.512817e-04 0.000000e+00 -1.611324e-03 0.000000e+00 0.000000e+00 -1.551223e+00 7.560389e-01 -4.440195e-03 9.511139e-04 0.000000e+00 -1.904184e-03 0.000000e+00 0.000000e+00 2.300378e-02 -3.450567e-02 -3.490306e-02 
-4.246030e-03 9.494144e-04 0.000000e+00 -1.809171e-03 0.000000e+00 0.000000e+00 -1.548835e+00 7.524561e-01 -4.779903e-03 1.011392e-03 0.000000e+00 -2.053575e-03 0.000000e+00 0.000000e+00 2.477561e-02 -3.716342e-02 -4.044450e-02 
-4.741415e-03 1.053541e-03 0.000000e+00 -2.022207e-03 0.000000e+00 0.000000e+00 -1.546267e+00 7.486036e-01 -5.129300e-03 1.070905e-03 0.000000e+00 -2.207976e-03 0.000000e+00 0.000000e+00 2.660050e-02 -3.990076e-02 -4.656965e-02 
-5.272204e-03 1.163562e-03 0.000000e+00 -2.250931e-03 0.000000e+00 0.000000e+00 -1.543513e+00 7.444734e-01 -5.487965e-03 1.129244e-03 0.000000e+00 -2.367305e-03 0.000000e+00 0.000000e+00 2.847665e-02 -4.271498e-02 -5.330611e-02 
-5.839303e-03 1.279338e-03 0.000000e+00 -2.495830e-03 0.000000e+00 0.000000e+00 -1.540570e+00 7.400581e-01 -5.855463e-03 1.185986e-03 0.000000e+00 -2.531481e-03 0.000000e+00 0.000000e+00 3.040221e-02 -4.560331e-02 -6.068023e-02 
-6.443573e-03 1.400687e-03 0.000000e+00 -2.757385e-03 0.000000e+00 0.000000e+00 -1.537431e+00 7.353504e-01 -6.231342e-03 1.240687e-03 0.000000e+00 -2.700418e-03 0.000000e+00 0.000000e+00 3.237527e-02 -4.856291e-02 -6.871706e-02 
-7.085831e-03 1.527388e-03 0.000000e+00 -3.036069e-03 0.000000e+00 0.000000e+00 -1.534093e+00 7.303432e-01 -6.615136e-03 1.292891e-03 0.000000e+00 -2.874033e-03 0.000000e+00 0.000000e+00 3.439389e-02 -5.159084e-02 -7.744009e-02 
-7.766840e-03 1.659164e-03 0.000000e+00 -3.332343e-03 0.000000e+00 0.000000e+00 -1.530551e+00 7.250300e-01 -7.006363e-03 1.342129e-03 0.000000e+00 -3.052238e-03 0.000000e+00 0.000000e+00 3.645608e-02 -5.468412e-02 -8.687008e-02 
-8.487325e-03 1.795696e-03 0.000000e+00 -3.646664e-03 0.000000e+00 0.000000e+00 -1.526800e+00 7.194043e-01 -7.404525e-03 1.387912e-03 0.000000e+00 -3.234944e-03 0.000000e+00 0.000000e+00 3.855980e-02 -5.783970e-02 -9.702663e-02 
-9.247957e-03 1.936614e-03 0.000000e+00 -3.979479e-03 0.000000e+00 0.000000e+00 -1.522838e+00 7.134601e-01 -7.809111e-03 1.429737e-03 0.000000e+00 -3.422062e-03 0.000000e+00 0.000000e+00 4.070297e-02 -6.105446e-02 -1.079268e-01 
-1.004935e-02 2.081498e-03 0.000000e+00 -4.331222e-03 0.000000e+00 0.000000e+00 -1.518659e+00 7.071916e-01 -8.219592e-03 1.467100e-03 0.000000e+00 -3.613498e-03 0.000000e+00 0.000000e+00 4.288349e-02 -6.432523e-02 -1.195848e-01 
-1.089207e-02 2.229874e-03 0.000000e+00 -4.702322e-03 0.000000e+00 0.000000e+00 -1.514260e+00 7.005933e-01 -8.635428e-03 1.499489e-03 0.000000e+00 -3.809157e-03 0.000000e+00 0.000000e+00 4.509919e-02 -6.764878e-02 -1.320124e-01 
-1.177661e-02 2.381218e-03 0.000000e+00 -5.093194e-03 0.000000e+00 0.000000e+00 -1.509638e+00 6.936602e-01 -9.056063e-03 1.526385e-03 0.000000e+00 -4.008939e-03 0.000000e+00 0.000000e+00 4.734789e-02 -7.102184e-02 -1.452181e-01 
-1.270343e-02 2.534953e-03 0.000000e+00 -5.504245e-03 0.000000e+00 0.000000e+00 -1.504789e+00 6.863874e-01 -9.480929e-03 1.547266e-03 0.000000e+00 -4.212744e-03 0.000000e+00 0.000000e+00 4.962738e-02 -7.444107e-02 -1.592082e-01 
-1.367292e-02 2.690451e-03 0.000000e+00 -5.935873e-03 0.000000e+00 0.000000e+00 -1.499711e+00 6.787705e-01 -9.909440e-03 1.561602e-03 0.000000e+00 -4.420467e-03 0.000000e+00 0.000000e+00 5.193540e-02 -7.790310e-02 -1.739858e-01 
-1.468541e-02 2.847033e-03 0.000000e+00 -6.388464e-03 0.000000e+00 0.000000e+00 -1.494401e+00 6.708055e-01 -1.034100e-02 1.568858e-03 0.000000e+00 -4.632002e-03 0.000000e+00 0.000000e+00 5.426968e-02 -8.140452e-02 -1.895515e-01 
-1.574119e-02 3.003967e-03 0.000000e+00 -6.862395e-03 0.000000e+00 0.000000e+00 -1.488857e+00 6.624884e-01 -1.077500e-02 1.568497e-03 0.000000e+00 -4.847238e-03 0.000000e+00 0.000000e+00 5.662791e-02 -8.494186e-02 -2.059031e-01 
-1.684046e-02 3.160479e-03 0.000000e+00 -7.358025e-03 0.000000e+00 0.000000e+00 -1.483075e+00 6.538160e-01 -1.121081e-02 1.560008e-03 0.000000e+00 -5.066058e-03 0.000000e+00 0.000000e+00 5.900776e-02 -8.851164e-02 -2.230354e-01 
-1.798338e-02 3.315718e-03 0.000000e+00 -7.875710e-03 0.000000e+00 0.000000e+00 -1.477054e+00 6.447851e-01 -1.164781e-02 1.542855e-03 0.000000e+00 -5.288345e-03 0.000000e+00 0.000000e+00 6.140689e-02 -9.211033e-02 -2.409390e-01 
-1.917003e-02 3.468776e-03 0.000000e+00 -8.415796e-03 0.000000e+00 0.000000e+00 -1.470793e+00 6.353931e-01 -1.208533e-02 1.516502e-03 0.000000e+00 -5.513978e-03 0.000000e+00 0.000000e+00 6.382292e-02 -9.573438e-02 -2.596012e-01 
-2.040044e-02 3.618704e-03 0.000000e+00 -8.978611e-03 0.000000e+00 0.000000e+00 -1.464289e+00 6.256375e-01 -1.252272e-02 1.480436e-03 0.000000e+00 -5.742828e-03 0.000000e+00 0.000000e+00 6.625348e-02 -9.938022e-02 -2.790068e-01 
-2.167456e-02 3.764506e-03 0.000000e+00 -9.564470e-03 0.000000e+00 0.000000e+00 -1.457542e+00 6.155164e-01 -1.295930e-02 1.434158e-03 0.000000e+00 -5.974763e-03 0.000000e+00 0.000000e+00 6.869617e-02 -1.030443e-01 -2.991377e-01 
-2.299227e-02 3.905141e-03 0.000000e+00 -1.017367e-02 0.000000e+00 0.000000e+00 -1.450550e+00 6.050282e-01 -1.339440e-02 1.377189e-03 0.000000e+00 -6.209644e-03 0.000000e+00 0.000000e+00 7.114857e-02 -1.067229e-01 -3.199732e-01 
-2.435338e-02 4.039523e-03 0.000000e+00 -1.080651e-02 0.000000e+00 0.000000e+00 -1.443312e+00 5.941715e-01 -1.382733e-02 1.309069e-03 0.000000e+00 -6.447326e-03 0.000000e+00 0.000000e+00 7.360826e-02 -1.104124e-01 -3.414896e-01 
-2.575766e-02 4.166524e-03 0.000000e+00 -1.146324e-02 0.000000e+00 0.000000e+00 -1.435828e+00 5.829455e-01 -1.425741e-02 1.229353e-03 0.000000e+00 -6.687658e-03 0.000000e+00 0.000000e+00 7.607282e-02 -1.141092e-01 -3.636607e-01 
-2.720476e-02 4.284966e-03 0.000000e+00 -1.214413e-02 0.000000e+00 0.000000e+00 -1.428097e+00 5.713495e-01 -1.468393e-02 1.137619e-03 0.000000e+00 -6.930486e-03 0.000000e+00 0.000000e+00 7.853982e-02 -1.178097e-01 -3.864572e-01 
-2.869430e-02 4.393631e-03 0.000000e+00 -1.284942e-02 0.000000e+00 0.000000e+00 -1.420120e+00 5.593835e-01 -1.510617e-02 1.033458e-03 0.000000e+00 -7.175645e-03 0.000000e+00 0.000000e+00 8.100681e-02 -1.215102e-01 -4.098474e-01 
-3.022581e-02 4.491252e-03 0.000000e+00 -1.357932e-02 0.000000e+00 0.000000e+00 -1.411896e+00 5.470476e-01 -1.552344e-02 9.164828e-04 0.000000e+00 -7.422969e-03 0.000000e+00 0.000000e+00 8.347137e-02 -1.252071e-01 -4.337967e-01 
-3.179878e-02 4.576520e-03 0.000000e+00 -1.433407e-02 0.000000e+00 0.000000e+00 -1.403426e+00 5.343424e-01 -1.593500e-02 7.863224e-04 0.000000e+00 -7.672284e-03 0.000000e+00 0.000000e+00 8.593107e-02 -1.288966e-01 -4.582675e-01 
-3.341259e-02 4.648090e-03 0.000000e+00 -1.511383e-02 0.000000e+00 0.000000e+00 -1.394710e+00 5.212687e-01 -1.634012e-02 6.426323e-04 0.000000e+00 -7.923409e-03 0.000000e+00 0.000000e+00 8.838347e-02 -1.325752e-01 -4.832205e-01 
-3.506657e-02 4.704618e-03 0.000000e+00 -1.591880e-02 0.000000e+00 0.000000e+00 -1.385749e+00 5.078278e-01 -1.673810e-02 4.851324e-04 0.000000e+00 -8.176156e-03 0.000000e+00 0.000000e+00 9.082615e-02 -1.362392e-01 -5.086162e-01 
-3.675996e-02 4.744691e-03 0.000000e+00 -1.674911e-02 0.000000e+00 0.000000e+00 -1.376545e+00 4.940214e-01 -1.712820e-02 3.135518e-04 0.000000e+00 -8.430327e-03 0.000000e+00 0.000000e+00 9.325671e-02 -1.398851e-01 -5.344111e-01 
-3.849193e-02 4.766872e-03 0.000000e+00 -1.760490e-02 0.000000e+00 0.000000e+00 -1.367099e+00 4.798515e-01 -1.750970e-02 1.276549e-04 0.000000e+00 -8.685720e-03 0.000000e+00 0.000000e+00 9.567275e-02 -1.435091e-01 -5.605604e-01 
-4.026158e-02 4.769721e-03 0.000000e+00 -1.848629e-02 0.000000e+00 0.000000e+00 -1.357411e+00 4.653204e-01 -1.788188e-02 -7.275271e-05 0.000000e+00 -8.942124e-03 0.000000e+00 0.000000e+00 9.807187e-02 -1.471078e-01 -5.870186e-01 
-4.206796e-02 4.751786e-03 0.000000e+00 -1.939336e-02 0.000000e+00 0.000000e+00 -1.347485e+00 4.504309e-01 -1.824403e-02 -2.878238e-04 0.000000e+00 -9.199322e-03 0.000000e+00 0.000000e+00 1.004517e-01 -1.506776e-01 -6.137397e-01 
-4.391002e-02 4.711604e-03 0.000000e+00 -2.032618e-02 0.000000e+00 0.000000e+00 -1.337322e+00 4.351860e-01 -1.859545e-02 -5.176695e-04 0.000000e+00 -9.457089e-03 0.000000e+00 0.000000e+00 1.028100e-01 -1.542149e-01 -6.406767e-01 
-4.578666e-02 4.647708e-03 0.000000e+00 -2.128480e-02 0.000000e+00 0.000000e+00 -1.326924e+00 4.195891e-01 -1.893546e-02 -7.623598e-04 0.000000e+00 -9.715193e-03 0.000000e+00 0.000000e+00 1.051442e-01 -1.577163e-01 -6.677823e-01 
-4.769670e-02 4.558618e-03 0.000000e+00 -2.226922e-02 0.000000e+00 0.000000e+00 -1.316294e+00 4.036441e-01 -1.926336e-02 -1.021923e-03 0.000000e+00 -9.973397e-03 0.000000e+00 0.000000e+00 1.074523e-01 -1.611784e-01 -6.950081e-01 
-4.963891e-02 4.442847e-03 0.000000e+00 -2.327947e-02 0.000000e+00 0.000000e+00 -1.305434e+00 3.873549e-01 -1.957848e-02 -1.296345e-03 0.000000e+00 -1.023145e-02 0.000000e+00 0.000000e+00 1.097317e-01 -1.645976e-01 -7.223055e-01 
-5.161196e-02 4.298897e-03 0.000000e+00 -2.431549e-02 0.000000e+00 0.000000e+00 -1.294348e+00 3.707261e-01 -1.988017e-02 -1.585573e-03 0.000000e+00 -1.048911e-02 0.000000e+00 0.000000e+00 1.119804e-01 -1.679707e-01 -7.496248e-01 
-5.361448e-02 4.125273e-03 0.000000e+00 -2.537726e-02 0.000000e+00 0.000000e+00 -1.283039e+00 3.537624e-01 -2.016776e-02 -1.889506e-03 0.000000e+00 -1.074611e-02 0.000000e+00 0.000000e+00 1.141961e-01 -1.712942e-01 -7.769163e-01 
-5.564503e-02 3.920534e-03 0.000000e+00 -2.646468e-02 0.000000e+00 0.000000e+00 -1.271510e+00 3.364690e-01 -2.044064e-02 -2.207991e-03 0.000000e+00 -1.100218e-02 0.000000e+00 0.000000e+00 1.163767e-01 -1.745650e-01 -8.041325e-01 
-5.770211e-02 3.683220e-03 0.000000e+00 -2.757765e-02 0.000000e+00 0.000000e+00 -1.259765e+00 3.188513e-01 -2.069821e-02 -2.540826e-03 0.000000e+00 -1.125705e-02 0.000000e+00 0.000000e+00 1.185198e-01 -1.777798e-01 -8.312253e-01 
-5.978415e-02 3.411901e-03 0.000000e+00 -2.871604e-02 0.000000e+00 0.000000e+00 -1.247808e+00 3.009150e-01 -2.093988e-02 -2.887761e-03 0.000000e+00 -1.151045e-02 0.000000e+00 0.000000e+00 1.206236e-01 -1.809353e-01 -8.581473e-01 
-6.188952e-02 3.105185e-03 0.000000e+00 -2.987969e-02 0.000000e+00 0.000000e+00 -1.235642e+00 2.826663e-01 -2.116510e-02 -3.248502e-03 0.000000e+00 -1.176209e-02 0.000000e+00 0.000000e+00 1.226857e-01 -1.840286e-01 -8.848522e-01 
-6.401658e-02 2.761717e-03 0.000000e+00 -3.106840e-02 0.000000e+00 0.000000e+00 -1.223272e+00 2.641115e-01 -2.137333e-02 -3.622704e-03 0.000000e+00 -1.201169e-02 0.000000e+00 0.000000e+00 1.247044e-01 -1.870565e-01 -9.112950e-01 
-6.616359e-02 2.380178e-03 0.000000e+00 -3.228195e-02 0.000000e+00 0.000000e+00 -1.210702e+00 2.452572e-01 -2.156408e-02 -4.009976e-03 0.000000e+00 -1.225895e-02 0.000000e+00 0.000000e+00 1.266774e-01 -1.900161e-01 -9.374316e-01 
-6.832879e-02 1.959291e-03 0.000000e+00 -3.352010e-02 0.000000e+00 0.000000e+00 -1.197938e+00 2.261106e-01 -2.173689e-02 -4.409878e-03 0.000000e+00 -1.250358e-02 0.000000e+00 0.000000e+00 1.286030e-01 -1.929045e-01 -9.632192e-01 
-7.051036e-02 1.497814e-03 0.000000e+00 -3.478257e-02 0.000000e+00 0.000000e+00 -1.184983e+00 2.066788e-01 -2.189132e-02 -4.821924e-03 0.000000e+00 -1.274528e-02 0.000000e+00 0.000000e+00 1.304791e-01 -1.957187e-01 -9.886161e-01 
-7.270644e-02 9.945430e-04 0.000000e+00 -3.606904e-02 0.000000e+00 0.000000e+00 -1.171844e+00 1.869694e-01 -2.202696e-02 -5.245577e-03 0.000000e+00 -1.298374e-02 0.000000e+00 0.000000e+00 1.323040e-01 -1.984560e-01 -1.013582e+00 
-7.491513e-02 4.483480e-04 0.000000e+00 -3.737920e-02 0.000000e+00 0.000000e+00 -1.158524e+00 1.669903e-01 -2.214344e-02 -5.680264e-03 0.000000e+00 -1.321867e-02 0.000000e+00 0.000000e+00 1.340759e-01 -2.011138e-01 -1.038077e+00 
-7.713450e-02 -1.418405e-04 0.000000e+00 -3.871265e-02 0.000000e+00 0.000000e+00 -1.145030e+00 1.467494e-01 -2.224044e-02 -6.125359e-03 0.000000e+00 -1.344976e-02 0.000000e+00 0.000000e+00 1.357929e-01 -2.036893e-01 -1.062065e+00 
-7.936257e-02 -7.770397e-04 0.000000e+00 -4.006901e-02 0.000000e+00 0.000000e+00 -1.131368e+00 1.262552e-01 -2.231767e-02 -6.580189e-03 0.000000e+00 -1.367669e-02 0.000000e+00 0.000000e+00 1.374534e-01 -2.061801e-01 -1.085509e+00 
-8.159736e-02 -1.458189e-03 0.000000e+00 -4.144784e-02 0.000000e+00 0.000000e+00 -1.117542e+00 1.055163e-01 -2.237488e-02 -7.044046e-03 0.000000e+00 -1.389917e-02 0.000000e+00 0.000000e+00 1.390558e-01 -2.085837e-01 -1.108377e+00 
-8.383685e-02 -2.186148e-03 0.000000e+00 -4.284868e-02 0.000000e+00 0.000000e+00 -1.103559e+00 8.454148e-02 -2.241187e-02 -7.516187e-03 0.000000e+00 -1.411689e-02 0.000000e+00 0.000000e+00 1.405984e-01 -2.108977e-01 -1.130634e+00 
-8.607902e-02 -2.961699e-03 0.000000e+00 -4.427105e-02 0.000000e+00 0.000000e+00 -1.089424e+00 6.333984e-02 -2.242849e-02 -7.995830e-03 0.000000e+00 -1.432953e-02 0.000000e+00 0.000000e+00 1.420799e-01 -2.131198e-01 -1.152249e+00 
-8.832185e-02 -3.785548e-03 0.000000e+00 -4.571441e-02 0.000000e+00 0.000000e+00 -1.075145e+00 4.192066e-02 -2.242462e-02 -8.482161e-03 0.000000e+00 -1.453682e-02 0.000000e+00 0.000000e+00 1.434986e-01 -2.152479e-01 -1.173192e+00 
-9.056327e-02 -4.658319e-03 0.000000e+00 -4.717822e-02 0.000000e+00 0.000000e+00 -1.060727e+00 2.029347e-02 -2.240020e-02 -8.974326e-03 0.000000e+00 -1.473843e-02 0.000000e+00 0.000000e+00 1.448532e-01 -2.172798e-01 -1.193436e+00 
-9.280122e-02 -5.580561e-03 0.000000e+00 -4.866190e-02 0.000000e+00 0.000000e+00 -1.046176e+00 -1.532019e-03 -2.235520e-02 -9.471437e-03 0.000000e+00 -1.493408e-02 0.000000e+00 0.000000e+00 1.461423e-01 -2.192135e-01 -1.212952e+00 
-9.503364e-02 -6.552730e-03 0.000000e+00 -5.016483e-02 0.000000e+00 0.000000e+00 -1.031500e+00 -2.354589e-02 -2.228965e-02 -9.972582e-03 0.000000e+00 -1.512347e-02 0.000000e+00 0.000000e+00 1.473648e-01 -2.210472e-01 -1.231715e+00 
-9.725849e-02 -7.575175e-03 0.000000e+00 -5.168638e-02 0.000000e+00 0.000000e+00 -1.016706e+00 -4.573806e-02 -2.220362e-02 -1.047683e-02 0.000000e+00 -1.530632e-02 0.000000e+00 0.000000e+00 1.485193e-01 -2.227790e-01 -1.249700e+00 
-9.947371e-02 -8.648162e-03 0.000000e+00 -5.322587e-02 0.000000e+00 0.000000e+00 -1.001799e+00 -6.809823e-02 -2.209725e-02 -1.098320e-02 0.000000e+00 -1.548235e-02 0.000000e+00 0.000000e+00 1.496048e-01 -2.244072e-01 -1.266883e+00 
-1.016773e-01 -9.771856e-03 0.000000e+00 -5.478261e-02 0.000000e+00 0.000000e+00 -9.867869e-01 -9.061598e-02 -2.197071e-02 -1.149073e-02 0.000000e+00 -1.565127e-02 0.000000e+00 0.000000e+00 1.506201e-01 -2.259301e-01 -1.283242e+00 
-1.038672e-01 -1.094632e-02 0.000000e+00 -5.635588e-02 0.000000e+00 0.000000e+00 -9.716771e-01 -1.132807e-01 -2.182422e-02 -1.199840e-02 0.000000e+00 -1.581283e-02 0.000000e+00 0.000000e+00 1.515643e-01 -2.273464e-01 -1.298756e+00 
-1.060414e-01 -1.217152e-02 0.000000e+00 -5.794492e-02 0.000000e+00 0.000000e+00 -9.564764e-01 -1.360817e-01 -2.165804e-02 -1.250523e-02 0.000000e+00 -1.596677e-02 0.000000e+00 0.000000e+00 1.524364e-01 -2.286546e-01 -1.313403e+00 
-1.081981e-01 -1.344731e-02 0.000000e+00 -5.954896e-02 0.000000e+00 0.000000e+00 -9.411922e-01 -1.590080e-01 -2.147251e-02 -1.301019e-02 0.000000e+00 -1.611284e-02 0.000000e+00 0.000000e+00 1.532356e-01 -2.298534e-01 -1.327162e+00 
-1.103353e-01 -1.477346e-02 0.000000e+00 -6.116721e-02 0.000000e+00 0.000000e+00 -9.258318e-01 -1.820487e-01 -2.126797e-02 -1.351227e-02 0.000000e+00 -1.625080e-02 0.000000e+00 0.000000e+00 1.539611e-01 -2.309417e-01 -1.340015e+00 
-1.124511e-01 -1.614963e-02 0.000000e+00 -6.279885e-02 0.000000e+00 0.000000e+00 -9.104025e-01 -2.051926e-01 -2.104485e-02 -1.401044e-02 0.000000e+00 -1.638043e-02 0.000000e+00 0.000000e+00 1.546122e-01 -2.319182e-01 -1.351942e+00 
-1.145437e-01 -1.757538e-02 0.000000e+00 -6.444302e-02 0.000000e+00 0.000000e+00 -8.949118e-01 -2.284286e-01 -2.080361e-02 -1.450366e-02 0.000000e+00 -1.650150e-02 0.000000e+00 0.000000e+00 1.551881e-01 -2.327822e-01 -1.362925e+00 
-1.166113e-01 -1.905019e-02 0.000000e+00 -6.609887e-02 0.000000e+00 0.000000e+00 -8.793674e-01 -2.517453e-01 -2.054471e-02 -1.499093e-02 0.000000e+00 -1.661381e-02 0.000000e+00 0.000000e+00 1.556885e-01 -2.335327e-01 -1.372948e+00 
-1.186521e-01 -2.057340e-02 0.000000e+00 -6.776552e-02 0.000000e+00 0.000000e+00 -8.637767e-01 -2.751313e-01 -2.026872e-02 -1.547122e-02 0.000000e+00 -1.671716e-02 0.000000e+00 0.000000e+00 1.561127e-01 -2.341690e-01 -1.381993e+00 
-1.206645e-01 -2.214425e-02 0.000000e+00 -6.944204e-02 0.000000e+00 0.000000e+00 -8.481474e-01 -2.985752e-01 -1.997625e-02 -1.594351e-02 0.000000e+00 -1.681138e-02 0.000000e+00 0.000000e+00 1.564603e-01 -2.346905e-01 -1.390041e+00 
-1.226469e-01 -2.376185e-02 0.000000e+00 -7.112751e-02 0.000000e+00 0.000000e+00 -8.324872e-01 -3.220655e-01 -1.966792e-02 -1.640676e-02 0.000000e+00 -1.689629e-02 0.000000e+00 0.000000e+00 1.567311e-01 -2.350966e-01 -1.397077e+00 
-1.245976e-01 -2.542526e-02 0.000000e+00 -7.282098e-02 0.000000e+00 0.000000e+00 -8.168038e-01 -3.455907e-01 -1.934441e-02 -1.686002e-02 0.000000e+00 -1.697174e-02 0.000000e+00 0.000000e+00 1.569247e-01 -2.353870e-01 -1.403085e+00 
-1.265152e-01 -2.713343e-02 0.000000e+00 -7.452151e-02 0.000000e+00 0.000000e+00 -8.011048e-01 -3.691391e-01 -1.900642e-02 -1.730232e-02 0.000000e+00 -1.703760e-02 0.000000e+00 0.000000e+00 1.570409e-01 -2.355613e-01 -1.408048e+00 
-1.283983e-01 -2.888523e-02 0.000000e+00 -7.622812e-02 0.000000e+00 0.000000e+00 -7.853982e-01 -3.926991e-01 -1.865465e-02 -1.773274e-02 0.000000e+00 -1.709373e-02 0.000000e+00 0.000000e+00 1.570796e-01 -2.356194e-01 -1.411953e+00 
-1.302456e-01 -3.067944e-02 0.000000e+00 -7.793986e-02 0.000000e+00 0.000000e+00 -7.696915e-01 -4.162591e-01 -1.828987e-02 -1.815038e-02 0.000000e+00 -1.714003e-02 0.000000e+00 0.000000e+00 1.570409e-01 -2.355613e-01 -1.414785e+00 
-1.320558e-01 -3.251475e-02 0.000000e+00 -7.965575e-02 0.000000e+00 0.000000e+00 -7.539926e-01 -4.398075e-01 -1.791285e-02 -1.855438e-02 0.000000e+00 -1.717641e-02 0.000000e+00 0.000000e+00 1.569247e-01 -2.353870e-01 -1.416533e+00 
-1.338277e-01 -3.438977e-02 0.000000e+00 -8.137478e-02 0.000000e+00 0.000000e+00 -7.383091e-01 -4.633326e-01 -1.752439e-02 -1.894389e-02 0.000000e+00 -1.720280e-02 0.000000e+00 0.000000e+00 1.567311e-01 -2.350966e-01 -1.417183e+00 
-1.355603e-01 -3.630301e-02 0.000000e+00 -8.309597e-02 0.000000e+00 0.000000e+00 -7.226489e-01 -4.868229e-01 -1.712532e-02 -1.931812e-02 0.000000e+00 -1.721912e-02 0.000000e+00 0.000000e+00 1.564603e-01 -2.346905e-01 -1.416724e+00 
-1.372525e-01 -3.825290e-02 0.000000e+00 -8.481829e-02 0.000000e+00 0.000000e+00 -7.070196e-01 -5.102669e-01 -1.671650e-02 -1.967628e-02 0.000000e+00 -1.722533e-02 0.000000e+00 0.000000e+00 1.561127e-01 -2.341690e-01 -1.415146e+00 
-1.389034e-01 -4.023779e-02 0.000000e+00 -8.654074e-02 0.000000e+00 0.000000e+00 -6.914289e-01 -5.336529e-01 -1.629883e-02 -2.001762e-02 0.000000e+00 -1.722140e-02 0.000000e+00 0.000000e+00 1.556885e-01 -2.335327e-01 -1.412438e+00 
-1.405121e-01 -4.225591e-02 0.000000e+00 -8.826227e-02 0.000000e+00 0.000000e+00 -6.758845e-01 -5.569696e-01 -1.587320e-02 -2.034141e-02 0.000000e+00 -1.720732e-02 0.000000e+00 0.000000e+00 1.551881e-01 -2.327822e-01 -1.408592e+00 
-1.420778e-01 -4.430553e-02 0.000000e+00 -8.998189e-02 0.000000e+00 0.000000e+00 -6.603938e-01 -5.802056e-01 -1.544051e-02 -2.064700e-02 0.000000e+00 -1.718308e-02 0.000000e+00 0.000000e+00 1.546122e-01 -2.319182e-01 -1.403602e+00 
-1.436000e-01 -4.638480e-02 0.000000e+00 -9.169858e-02 0.000000e+00 0.000000e+00 -6.449646e-01 -6.033495e-01 -1.500163e-02 -2.093382e-02 0.000000e+00 -1.714870e-02 0.000000e+00 0.000000e+00 1.539611e-01 -2.309417e-01 -1.397464e+00 
-1.450779e-01 -4.849177e-02 0.000000e+00 -9.341133e-02 0.000000e+00 0.000000e+00 -6.296041e-01 -6.263902e-01 -1.455752e-02 -2.120128e-02 0.000000e+00 -1.710422e-02 0.000000e+00 0.000000e+00 1.532356e-01 -2.298534e-01 -1.390173e+00 
-1.465113e-01 -5.062446e-02 0.000000e+00 -9.511911e-02 0.000000e+00 0.000000e+00 -6.143199e-01 -6.493165e-01 -1.410909e-02 -2.144888e-02 0.000000e+00 -1.704970e-02 0.000000e+00 0.000000e+00 1.524364e-01 -2.286546e-01 -1.381727e+00 
-1.478996e-01 -5.278085e-02 0.000000e+00 -9.682093e-02 0.000000e+00 0.000000e+00 -5.991192e-01 -6.721175e-01 -1.365726e-02 -2.167615e-02 0.000000e+00 -1.698519e-02 0.000000e+00 0.000000e+00 1.515643e-01 -2.273464e-01 -1.372129e+00 
-1.492427e-01 -5.495889e-02 0.000000e+00 -9.851579e-02 0.000000e+00 0.000000e+00 -5.840094e-01 -6.947822e-01 -1.320293e-02 -2.188267e-02 0.000000e+00 -1.691078e-02 0.000000e+00 0.000000e+00 1.506201e-01 -2.259301e-01 -1.361381e+00 
-1.505402e-01 -5.715651e-02 0.000000e+00 -1.002027e-01 0.000000e+00 0.000000e+00 -5.689976e-01 -7.172999e-01 -1.274700e-02 -2.206810e-02 0.000000e+00 -1.682657e-02 0.000000e+00 0.000000e+00 1.496048e-01 -2.244072e-01 -1.349490e+00 
-1.517921e-01 -5.937161e-02 0.000000e+00 -1.018807e-01 0.000000e+00 0.000000e+00 -5.540908e-01 -7.396601e-01 -1.229033e-02 -2.223212e-02 0.000000e+00 -1.673266e-02 0.000000e+00 0.000000e+00 1.485193e-01 -2.227790e-01 -1.336465e+00 
-1.529983e-01 -6.160206e-02 0.000000e+00 -1.035489e-01 0.000000e+00 0.000000e+00 -5.392960e-01 -7.618523e-01 -1.183380e-02 -2.237447e-02 0.000000e+00 -1.662917e-02 0.000000e+00 0.000000e+00 1.473648e-01 -2.210472e-01 -1.322319e+00 
-1.541589e-01 -6.384569e-02 0.000000e+00 -1.052062e-01 0.000000e+00 0.000000e+00 -5.246201e-01 -7.838661e-01 -1.137825e-02 -2.249495e-02 0.000000e+00 -1.651625e-02 0.000000e+00 0.000000e+00 1.461423e-01 -2.192135e-01 -1.307065e+00 
-1.552740e-01 -6.610032e-02 0.000000e+00 -1.068518e-01 0.000000e+00 0.000000e+00 -5.100698e-01 -8.056916e-01 -1.092452e-02 -2.259340e-02 0.000000e+00 -1.639405e-02 0.000000e+00 0.000000e+00 1.448532e-01 -2.172798e-01 -1.290723e+00 
-1.563439e-01 -6.836373e-02 0.000000e+00 -1.084848e-01 0.000000e+00 0.000000e+00 -4.956517e-01 -8.273188e-01 -1.047345e-02 -2.266972e-02 0.000000e+00 -1.626273e-02 0.000000e+00 0.000000e+00 1.434986e-01 -2.152479e-01 -1.273312e+00 
-1.573688e-01 -7.063367e-02 0.000000e+00 -1.101041e-01 0.000000e+00 0.000000e+00 -4.813722e-01 -8.487380e-01 -1.002583e-02 -2.272385e-02 0.000000e+00 -1.612247e-02 0.000000e+00 0.000000e+00 1.420799e-01 -2.131198e-01 -1.254854e+00 
-1.583492e-01 -7.290786e-02 0.000000e+00 -1.117090e-01 0.000000e+00 0.000000e+00 -4.672378e-01 -8.699396e-01 -9.582473e-03 -2.275581e-02 0.000000e+00 -1.597348e-02 0.000000e+00 0.000000e+00 1.405984e-01 -2.108977e-01 -1.235377e+00 
-1.592854e-01 -7.518416e-02 0.000000e+00 -1.132985e-01 0.000000e+00 0.000000e+00 -4.532546e-01 -8.909145e-01 -9.144102e-03 -2.276562e-02 0.000000e+00 -1.581594e-02 0.000000e+00 0.000000e+00 1.390558e-01 -2.085837e-01 -1.214908e+00 
-1.601781e-01 -7.746034e-02 0.000000e+00 -1.148719e-01 0.000000e+00 0.000000e+00 -4.394286e-01 -9.116534e-01 -8.711424e-03 -2.275339e-02 0.000000e+00 -1.565008e-02 0.000000e+00 0.000000e+00 1.374534e-01 -2.061801e-01 -1.193483e+00 
-1.610278e-01 -7.973419e-02 0.000000e+00 -1.164283e-01 0.000000e+00 0.000000e+00 -4.257658e-01 -9.321476e-01 -8.285132e-03 -2.271928e-02 0.000000e+00 -1.547612e-02 0.000000e+00 0.000000e+00 1.357929e-01 -2.036893e-01 -1.171140e+00 
-1.618353e-01 -8.200351e-02 0.000000e+00 -1.179669e-01 0.000000e+00 0.000000e+00 -4.122719e-01 -9.523884e-01 -7.865879e-03 -2.266351e-02 0.000000e+00 -1.529430e-02 0.000000e+00 0.000000e+00 1.340759e-01 -2.011138e-01 -1.147919e+00 
-1.626013e-01 -8.426614e-02 0.000000e+00 -1.194869e-01 0.000000e+00 0.000000e+00 -3.989525e-01 -9.723676e-01 -7.454281e-03 -2.258631e-02 0.000000e+00 -1.510486e-02 0.000000e+00 0.000000e+00 1.323040e-01 -1.984560e-01 -1.123862e+00 
-1.633265e-01 -8.651997e-02 0.000000e+00 -1.209876e-01 0.000000e+00 0.000000e+00 -3.858129e-01 -9.920770e-01 -7.050912e-03 -2.248797e-02 0.000000e+00 -1.490806e-02 0.000000e+00 0.000000e+00 1.304791e-01 -1.957187e-01 -1.099017e+00 
-1.640119e-01 -8.876291e-02 0.000000e+00 -1.224682e-01 0.000000e+00 0.000000e+00 -3.728584e-01 -1.011509e+00 -6.656312e-03 -2.236881e-02 0.000000e+00 -1.470416e-02 0.000000e+00 0.000000e+00 1.286030e-01 -1.929045e-01 -1.073431e+00 
-1.646582e-01 -9.099292e-02 0.000000e+00 -1.239282e-01 0.000000e+00 0.000000e+00 -3.600939e-01 -1.030655e+00 -6.270978e-03 -2.222918e-02 0.000000e+00 -1.449343e-02 0.000000e+00 0.000000e+00 1.266774e-01 -1.900161e-01 -1.047154e+00 
-1.652665e-01 -9.320798e-02 0.000000e+00 -1.253667e-01 0.000000e+00 0.000000e+00 -3.475245e-01 -1.049510e+00 -5.895372e-03 -2.206950e-02 0.000000e+00 -1.427613e-02 0.000000e+00 0.000000e+00 1.247044e-01 -1.870565e-01 -1.020240e+00 
-1.658377e-01 -9.540612e-02 0.000000e+00 -1.267832e-01 0.000000e+00 0.000000e+00 -3.351546e-01 -1.068064e+00 -5.529916e-03 -2.189021e-02 0.000000e+00 -1.405255e-02 0.000000e+00 0.000000e+00 1.226857e-01 -1.840286e-01 -9.927446e-01 
-1.663728e-01 -9.758541e-02 0.000000e+00 -1.281770e-01 0.000000e+00 0.000000e+00 -3.229888e-01 -1.086313e+00 -5.174993e-03 -2.169177e-02 0.000000e+00 -1.382298e-02 0.000000e+00 0.000000e+00 1.206236e-01 -1.809353e-01 -9.647264e-01 
-1.668730e-01 -9.974395e-02 0.000000e+00 -1.295476e-01 0.000000e+00 0.000000e+00 -3.110313e-01 -1.104249e+00 -4.830947e-03 -2.147473e-02 0.000000e+00 -1.358772e-02 0.000000e+00 0.000000e+00 1.185198e-01 -1.777798e-01 -9.362462e-01 
-1.673393e-01 -1.018799e-01 0.000000e+00 -1.308944e-01 0.000000e+00 0.000000e+00 -2.992861e-01 -1.121867e+00 -4.498085e-03 -2.123963e-02 0.000000e+00 -1.334706e-02 0.000000e+00 0.000000e+00 1.163767e-01 -1.745650e-01 -9.073675e-01 
-1.677729e-01 -1.039914e-01 0.000000e+00 -1.322169e-01 0.000000e+00 0.000000e+00 -2.877572e-01 -1.139161e+00 -4.176678e-03 -2.098707e-02 0.000000e+00 -1.310132e-02 0.000000e+00 0.000000e+00 1.141961e-01 -1.712942e-01 -8.781541e-01 
-1.681749e-01 -1.060767e-01 0.000000e+00 -1.335145e-01 0.000000e+00 0.000000e+00 -2.764481e-01 -1.156124e+00 -3.866956e-03 -2.071760e-02 0.000000e+00 -1.285079e-02 0.000000e+00 0.000000e+00 1.119804e-01 -1.679707e-01 -8.486653e-01 
-1.685466e-01 -1.081344e-01 0.000000e+00 -1.347869e-01 0.000000e+00 0.000000e+00 -2.653622e-01 -1.172753e+00 -3.569082e-03 -2.043189e-02 0.000000e+00 -1.259578e-02 0.000000e+00 0.000000e+00 1.097317e-01 -1.645976e-01 -8.189704e-01 
-1.688890e-01 -1.101626e-01 0.000000e+00 -1.360335e-01 0.000000e+00 0.000000e+00 -2.545027e-01 -1.189042e+00 -3.283184e-03 -2.013060e-02 0.000000e+00 -1.233662e-02 0.000000e+00 0.000000e+00 1.074523e-01 -1.611784e-01 -7.891385e-01 
-1.692036e-01 -1.121600e-01 0.000000e+00 -1.372541e-01 0.000000e+00 0.000000e+00 -2.438727e-01 -1.204987e+00 -3.009357e-03 -1.981443e-02 0.000000e+00 -1.207362e-02 0.000000e+00 0.000000e+00 1.051442e-01 -1.577163e-01 -7.592371e-01 
-1.694913e-01 -1.141250e-01 0.000000e+00 -1.384481e-01 0.000000e+00 0.000000e+00 -2.334748e-01 -1.220584e+00 -2.747659e-03 -1.948406e-02 0.000000e+00 -1.180710e-02 0.000000e+00 0.000000e+00 1.028100e-01 -1.542149e-01 -7.293327e-01 
-1.697536e-01 -1.160563e-01 0.000000e+00 -1.396154e-01 0.000000e+00 0.000000e+00 -2.233115e-01 -1.235829e+00 -2.498120e-03 -1.914021e-02 0.000000e+00 -1.153738e-02 0.000000e+00 0.000000e+00 1.004517e-01 -1.506776e-01 -6.994904e-01 
-1.699915e-01 -1.179526e-01 0.000000e+00 -1.407555e-01 0.000000e+00 0.000000e+00 -2.133851e-01 -1.250719e+00 -2.260734e-03 -1.878359e-02 0.000000e+00 -1.126476e-02 0.000000e+00 0.000000e+00 9.807187e-02 -1.471078e-01 -6.697737e-01 
-1.702063e-01 -1.198126e-01 0.000000e+00 -1.418682e-01 0.000000e+00 0.000000e+00 -2.036978e-01 -1.265250e+00 -2.035460e-03 -1.841494e-02 0.000000e+00 -1.098957e-02 0.000000e+00 0.000000e+00 9.567275e-02 -1.435091e-01 -6.402451e-01 
-1.703992e-01 -1.216351e-01 0.000000e+00 -1.429533e-01 0.000000e+00 0.000000e+00 -1.942512e-01 -1.279420e+00 -1.822226e-03 -1.803499e-02 0.000000e+00 -1.071213e-02 0.000000e+00 0.000000e+00 9.325671e-02 -1.398851e-01 -6.109654e-01 
-1.705713e-01 -1.234192e-01 0.000000e+00 -1.440106e-01 0.000000e+00 0.000000e+00 -1.850469e-01 -1.293226e+00 -1.620926e-03 -1.764450e-02 0.000000e+00 -1.043275e-02 0.000000e+00 0.000000e+00 9.082615e-02 -1.362392e-01 -5.819944e-01 
-1.707238e-01 -1.251637e-01 0.000000e+00 -1.450398e-01 0.000000e+00 0.000000e+00 -1.760863e-01 -1.306667e+00 -1.431421e-03 -1.724423e-02 0.000000e+00 -1.015174e-02 0.000000e+00 0.000000e+00 8.838347e-02 -1.325752e-01 -5.533904e-01 
-1.708579e-01 -1.268678e-01 0.000000e+00 -1.460409e-01 0.000000e+00 0.000000e+00 -1.673705e-01 -1.319741e+00 -1.253538e-03 -1.683495e-02 0.000000e+00 -9.869432e-03 0.000000e+00 0.000000e+00 8.593107e-02 -1.288966e-01 -5.252102e-01 
-1.709748e-01 -1.285305e-01 0.000000e+00 -1.470137e-01 0.000000e+00 0.000000e+00 -1.589004e-01 -1.332446e+00 -1.087070e-03 -1.641745e-02 0.000000e+00 -9.586129e-03 0.000000e+00 0.000000e+00 8.347137e-02 -1.252071e-01 -4.975096e-01 
-1.710756e-01 -1.301511e-01 0.000000e+00 -1.479581e-01 0.000000e+00 0.000000e+00 -1.506764e-01 -1.344782e+00 -9.317783e-04 -1.599252e-02 0.000000e+00 -9.302152e-03 0.000000e+00 0.000000e+00 8.100681e-02 -1.215102e-01 -4.703428e-01 
-1.711614e-01 -1.317288e-01 0.000000e+00 -1.488741e-01 0.000000e+00 0.000000e+00 -1.426991e-01 -1.356748e+00 -7.873911e-04 -1.556097e-02 0.000000e+00 -9.017814e-03 0.000000e+00 0.000000e+00 7.853982e-02 -1.178097e-01 -4.437625e-01 
-1.712334e-01 -1.332630e-01 0.000000e+00 -1.497617e-01 0.000000e+00 0.000000e+00 -1.349685e-01 -1.368344e+00 -6.536693e-04 -1.512356e-02 0.000000e+00 -8.733420e-03 0.000000e+00 0.000000e+00 7.607282e-02 -1.141092e-01 -4.178131e-01 
-1.712925e-01 -1.347533e-01 0.000000e+00 -1.506208e-01 0.000000e+00 0.000000e+00 -1.274844e-01 -1.379570e+00 -5.303162e-04 -1.468106e-02 0.000000e+00 -8.449275e-03 0.000000e+00 0.000000e+00 7.360826e-02 -1.104124e-01 -3.925356e-01 
-1.713397e-01 -1.361991e-01 0.000000e+00 -1.514515e-01 0.000000e+00 0.000000e+00 -1.202466e-01 -1.390426e+00 -4.169914e-04 -1.423427e-02 0.000000e+00 -8.165682e-03 0.000000e+00 0.000000e+00 7.114857e-02 -1.067229e-01 -3.679696e-01 
-1.713762e-01 -1.376000e-01 0.000000e+00 -1.522539e-01 0.000000e+00 0.000000e+00 -1.132545e-01 -1.400915e+00 -3.133479e-04 -1.378395e-02 0.000000e+00 -7.882943e-03 0.000000e+00 0.000000e+00 6.869617e-02 -1.030443e-01 -3.441513e-01 
-1.714027e-01 -1.389558e-01 0.000000e+00 -1.530281e-01 0.000000e+00 0.000000e+00 -1.065071e-01 -1.411036e+00 -2.190322e-04 -1.333088e-02 0.000000e+00 -7.601355e-03 0.000000e+00 0.000000e+00 6.625348e-02 -9.938022e-02 -3.211127e-01 
-1.714203e-01 -1.402661e-01 0.000000e+00 -1.537743e-01 0.000000e+00 0.000000e+00 -1.000034e-01 -1.420791e+00 -1.336844e-04 -1.287582e-02 0.000000e+00 -7.321209e-03 0.000000e+00 0.000000e+00 6.382292e-02 -9.573438e-02 -2.988821e-01 
-1.714298e-01 -1.415309e-01 0.000000e+00 -1.544925e-01 0.000000e+00 0.000000e+00 -9.374202e-02 -1.430183e+00 -5.693776e-05 -1.241952e-02 0.000000e+00 -7.042794e-03 0.000000e+00 0.000000e+00 6.140689e-02 -9.211033e-02 -2.774841e-01 
-1.714320e-01 -1.427501e-01 0.000000e+00 -1.551829e-01 0.000000e+00 0.000000e+00 -8.772144e-02 -1.439214e+00 1.158064e-05 -1.196271e-02 0.000000e+00 -6.766395e-03 0.000000e+00 0.000000e+00 5.900776e-02 -8.851164e-02 -2.569394e-01 
-1.714278e-01 -1.439235e-01 0.000000e+00 -1.558458e-01 0.000000e+00 0.000000e+00 -8.193983e-02 -1.447887e+00 7.225041e-05 -1.150613e-02 0.000000e+00 -6.492292e-03 0.000000e+00 0.000000e+00 5.662791e-02 -8.494186e-02 -2.372647e-01 
-1.714178e-01 -1.450514e-01 0.000000e+00 -1.564815e-01 0.000000e+00 0.000000e+00 -7.639514e-02 -1.456204e+00 1.254577e-04 -1.105048e-02 0.000000e+00 -6.220760e-03 0.000000e+00 0.000000e+00 5.426968e-02 -8.140452e-02 -2.184732e-01 
-1.714029e-01 -1.461337e-01 0.000000e+00 -1.570901e-01 0.000000e+00 0.000000e+00 -7.108509e-02 -1.464169e+00 1.715951e-04 -1.059649e-02 0.000000e+00 -5.952073e-03 0.000000e+00 0.000000e+00 5.193540e-02 -7.790310e-02 -2.005741e-01 
-1.713837e-01 -1.471708e-01 0.000000e+00 -1.576720e-01 0.000000e+00 0.000000e+00 -6.600718e-02 -1.471786e+00 2.110618e-04 -1.014484e-02 0.000000e+00 -5.686496e-03 0.000000e+00 0.000000e+00 4.962738e-02 -7.444107e-02 -1.835726e-01 
-1.713609e-01 -1.481628e-01 0.000000e+00 -1.582275e-01 0.000000e+00 0.000000e+00 -6.115866e-02 -1.479058e+00 2.442635e-04 -9.696218e-03 0.000000e+00 -5.424295e-03 0.000000e+00 0.000000e+00 4.734789e-02 -7.102184e-02 -1.674705e-01 
-1.713350e-01 -1.491101e-01 0.000000e+00 -1.587570e-01 0.000000e+00 0.000000e+00 -5.653658e-02 -1.485991e+00 2.716124e-04 -9.251308e-03 0.000000e+00 -5.165728e-03 0.000000e+00 0.000000e+00 4.509919e-02 -6.764878e-02 -1.522654e-01 
-1.713067e-01 -1.500131e-01 0.000000e+00 -1.592608e-01 0.000000e+00 0.000000e+00 -5.213773e-02 -1.492590e+00 2.935272e-04 -8.810771e-03 0.000000e+00 -4.911052e-03 0.000000e+00 0.000000e+00 4.288349e-02 -6.432523e-02 -1.379513e-01 
-1.712765e-01 -1.508724e-01 0.000000e+00 -1.597393e-01 0.000000e+00 0.000000e+00 -4.795871e-02 -1.498858e+00 3.104279e-04 -8.375263e-03 0.000000e+00 -4.660517e-03 0.000000e+00 0.000000e+00 4.070297e-02 -6.105446e-02 -1.245186e-01 
-1.712448e-01 -1.516884e-01 0.000000e+00 -1.601930e-01 0.000000e+00 0.000000e+00 -4.399589e-02 -1.504802e+00 3.226841e-04 -7.945400e-03 0.000000e+00 -4.414365e-03 0.000000e+00 0.000000e+00 3.855980e-02 -5.783970e-02 -1.119561e-01 
-1.712121e-01 -1.524617e-01 0.000000e+00 -1.606223e-01 0.000000e+00 0.000000e+00 -4.024543e-02 -1.510428e+00 3.306783e-04 -7.521794e-03 0.000000e+00 -4.172834e-03 0.000000e+00 0.000000e+00 3.645608e-02 -5.468412e-02 -1.002472e-01 
-1.711788e-01 -1.531929e-01 0.000000e+00 -1.610277e-01 0.000000e+00 0.000000e+00 -3.670329e-02 -1.515741e+00 3.347915e-04 -7.105041e-03 0.000000e+00 -3.936159e-03 0.000000e+00 0.000000e+00 3.439389e-02 -5.159084e-02 -8.937255e-02 
-1.711453e-01 -1.538829e-01 0.000000e+00 -1.614097e-01 0.000000e+00 0.000000e+00 -3.336520e-02 -1.520749e+00 3.353929e-04 -6.695722e-03 0.000000e+00 -3.704568e-03 0.000000e+00 0.000000e+00 3.237527e-02 -4.856291e-02 -7.931054e-02 
-1.711118e-01 -1.545324e-01 0.000000e+00 -1.617688e-01 0.000000e+00 0.000000e+00 -3.022671e-02 -1.525456e+00 3.328396e-04 -6.294397e-03 0.000000e+00 -3.478284e-03 0.000000e+00 0.000000e+00 3.040221e-02 -4.560331e-02 -7.003760e-02 
-1.710788e-01 -1.551421e-01 0.000000e+00 -1.621056e-01 0.000000e+00 0.000000e+00 -2.728318e-02 -1.529872e+00 3.274766e-04 -5.901612e-03 0.000000e+00 -3.257523e-03 0.000000e+00 0.000000e+00 2.847665e-02 -4.271498e-02 -6.152805e-02 
-1.710464e-01 -1.557130e-01 0.000000e+00 -1.624205e-01 0.000000e+00 0.000000e+00 -2.452974e-02 -1.534002e+00 3.196370e-04 -5.517893e-03 0.000000e+00 -3.042496e-03 0.000000e+00 0.000000e+00 2.660050e-02 -3.990076e-02 -5.375413e-02 
-1.710149e-01 -1.562460e-01 0.000000e+00 -1.627143e-01 0.000000e+00 0.000000e+00 -2.196137e-02 -1.537854e+00 3.096417e-04 -5.143750e-03 0.000000e+00 -2.833408e-03 0.000000e+00 0.000000e+00 2.477561e-02 -3.716342e-02 -4.668599e-02 
-1.709845e-01 -1.567421e-01 0.000000e+00 -1.629874e-01 0.000000e+00 0.000000e+00 -1.957285e-02 -1.541437e+00 2.977998e-04 -4.779674e-03 0.000000e+00 -2.630460e-03 0.000000e+00 0.000000e+00 2.300378e-02 -3.450567e-02 -4.029169e-02 
-1.709554e-01 -1.572023e-01 0.000000e+00 -1.632406e-01 0.000000e+00 0.000000e+00 -1.735878e-02 -1.544758e+00 2.844082e-04 -4.426139e-03 0.000000e+00 -2.433845e-03 0.000000e+00 0.000000e+00 2.128675e-02 -3.193013e-02 -3.453721e-02 
-1.709277e-01 -1.576277e-01 0.000000e+00 -1.634744e-01 0.000000e+00 0.000000e+00 -1.531361e-02 -1.547826e+00 2.697511e-04 -4.083600e-03 0.000000e+00 -2.243750e-03 0.000000e+00 0.000000e+00 1.962623e-02 -2.943935e-02 -2.938680e-02 
-1.709015e-01 -1.580194e-01 0.000000e+00 -1.636895e-01 0.000000e+00 0.000000e+00 -1.343160e-02 -1.550649e+00 2.540914e-04 -3.752494e-03 0.000000e+00 -2.060357e-03 0.000000e+00 0.000000e+00 1.802385e-02 -2.703577e-02 -2.480587e-02 
-1.708769e-01 -1.583786e-01 0.000000e+00 -1.638867e-01 0.000000e+00 0.000000e+00 -1.170685e-02 -1.553236e+00 2.376775e-04 -3.433237e-03 0.000000e+00 -1.883840e-03 0.000000e+00 0.000000e+00 1.648119e-02 -2.472178e-02 -2.075793e-02 
-1.708540e-01 -1.587064e-01 0.000000e+00 -1.640665e-01 0.000000e+00 0.000000e+00 -1.013332e-02 -1.555596e+00 2.207429e-04 -3.126226e-03 0.000000e+00 -1.714367e-03 0.000000e+00 0.000000e+00 1.499977e-02 -2.249966e-02 -1.720612e-02 
-1.708328e-01 -1.590042e-01 0.000000e+00 -1.642298e-01 0.000000e+00 0.000000e+00 -8.704807e-03 -1.557739e+00 2.035054e-04 -2.831841e-03 0.000000e+00 -1.552100e-03 0.000000e+00 0.000000e+00 1.358106e-02 -2.037159e-02 -1.411388e-02 
-1.708133e-01 -1.592732e-01 0.000000e+00 -1.643772e-01 0.000000e+00 0.000000e+00 -7.414971e-03 -1.559674e+00 1.861671e-04 -2.550440e-03 0.000000e+00 -1.397194e-03 0.000000e+00 0.000000e+00 1.222646e-02 -1.833968e-02 -1.144488e-02 
-1.707955e-01 -1.595148e-01 0.000000e+00 -1.645095e-01 0.000000e+00 0.000000e+00 -6.257334e-03 -1.561410e+00 1.689143e-04 -2.282364e-03 0.000000e+00 -1.249795e-03 0.000000e+00 0.000000e+00 1.093730e-02 -1.640594e-02 -9.163092e-03 
-1.707795e-01 -1.597302e-01 0.000000e+00 -1.646274e-01 0.000000e+00 0.000000e+00 -5.225288e-03 -1.562958e+00 1.519176e-04 -2.027934e-03 0.000000e+00 -1.110045e-03 0.000000e+00 0.000000e+00 9.714851e-03 -1.457228e-02 -7.232717e-03 
-1.707651e-01 -1.599208e-01 0.000000e+00 -1.647318e-01 0.000000e+00 0.000000e+00 -4.312100e-03 -1.564328e+00 1.353316e-04 -1.787450e-03 0.000000e+00 -9.780768e-04 0.000000e+00 0.000000e+00 8.560328e-03 -1.284049e-02 -5.618235e-03 
-1.707524e-01 -1.600881e-01 0.000000e+00 -1.648233e-01 0.000000e+00 0.000000e+00 -3.510920e-03 -1.565530e+00 1.192972e-04 -1.561195e-03 0.000000e+00 -8.540175e-04 0.000000e+00 0.000000e+00 7.474866e-03 -1.121230e-02 -4.285437e-03 
-1.707412e-01 -1.602335e-01 0.000000e+00 -1.649028e-01 0.000000e+00 0.000000e+00 -2.814789e-03 -1.566574e+00 1.039390e-04 -1.349431e-03 0.000000e+00 -7.379856e-04 0.000000e+00 0.000000e+00 6.459537e-03 -9.689305e-03 -3.201522e-03 
-1.707316e-01 -1.603585e-01 0.000000e+00 -1.649712e-01 0.000000e+00 0.000000e+00 -2.216641e-03 -1.567471e+00 8.936650e-05 -1.152402e-03 0.000000e+00 -6.300929e-04 0.000000e+00 0.000000e+00 5.515342e-03 -8.273013e-03 -2.334593e-03 
-1.707233e-01 -1.604645e-01 0.000000e+00 -1.650291e-01 0.000000e+00 0.000000e+00 -1.709318e-03 -1.568232e+00 7.567703e-05 -9.703300e-04 0.000000e+00 -5.304431e-04 0.000000e+00 0.000000e+00 4.643214e-03 -6.964820e-03 -1.654693e-03 
-1.707164e-01 -1.605531e-01 0.000000e+00 -1.650775e-01 0.000000e+00 0.000000e+00 -1.285568e-03 -1.568868e+00 6.295614e-05 -8.034214e-04 0.000000e+00 -4.391319e-04 0.000000e+00 0.000000e+00 3.844012e-03 -5.766018e-03 -1.133805e-03 
-1.707107e-01 -1.606257e-01 0.000000e+00 -1.651172e-01 0.000000e+00 0.000000e+00 -9.380582e-04 -1.569389e+00 5.127738e-05 -6.518619e-04 0.000000e+00 -3.562473e-04 0.000000e+00 0.000000e+00 3.118527e-03 -4.677790e-03 -7.458525e-04 
-1.707061e-01 -1.606840e-01 0.000000e+00 -1.651491e-01 0.000000e+00 0.000000e+00 -6.593813e-04 -1.569807e+00 4.070232e-05 -5.158184e-04 0.000000e+00 -2.818694e-04 0.000000e+00 0.000000e+00 2.467473e-03 -3.701209e-03 -4.666984e-04 
-1.707025e-01 -1.607294e-01 0.000000e+00 -1.651739e-01 0.000000e+00 0.000000e+00 -4.420611e-04 -1.570133e+00 3.128059e-05 -3.954390e-04 0.000000e+00 -2.160702e-04 0.000000e+00 0.000000e+00 1.891493e-03 -2.837240e-03 -2.741468e-04 
-1.706998e-01 -1.607636e-01 0.000000e+00 -1.651926e-01 0.000000e+00 0.000000e+00 -2.785612e-04 -1.570378e+00 2.305079e-05 -2.908532e-04 0.000000e+00 -1.589140e-04 0.000000e+00 0.000000e+00 1.391156e-03 -2.086734e-03 -1.480706e-04 
-1.706979e-01 -1.607881e-01 0.000000e+00 -1.652060e-01 0.000000e+00 0.000000e+00 -1.612919e-04 -1.570554e+00 1.604562e-05 -2.021726e-04 0.000000e+00 -1.104563e-04 0.000000e+00 0.000000e+00 9.669555e-04 -1.450433e-03 -7.126933e-05 
-1.706966e-01 -1.608045e-01 0.000000e+00 -1.652150e-01 0.000000e+00 0.000000e+00 -8.261814e-05 -1.570672e+00 1.028794e-05 -1.294903e-04 0.000000e+00 -7.074423e-05 0.000000e+00 0.000000e+00 6.193099e-04 -9.289649e-04 -2.890002e-05 
-1.706958e-01 -1.608145e-01 0.000000e+00 -1.652204e-01 0.000000e+00 0.000000e+00 -3.486657e-05 -1.570744e+00 5.795042e-06 -7.288200e-05 0.000000e+00 -3.981669e-05 0.000000e+00 0.000000e+00 3.485625e-04 -5.228437e-04 -8.728847e-06 
-1.706954e-01 -1.608197e-01 0.000000e+00 -1.652232e-01 0.000000e+00 0.000000e+00 -1.033339e-05 -1.570781e+00 2.579342e-06 -3.240643e-05 0.000000e+00 -1.770388e-05 0.000000e+00 0.000000e+00 1.549804e-04 -2.324706e-04 -1.210362e-06 
-1.706952e-01 -1.608216e-01 0.000000e+00 -1.652243e-01 0.000000e+00 0.000000e+00 -1.291864e-06 -1.570794e+00 6.484136e-07 -8.104993e-06 0.000000e+00 -4.427448e-06 0.000000e+00 0.000000e+00 3.875466e-05 -5.813199e-05 5.125227e-07 
-1.706952e-01 -1.608218e-01 0.000000e+00 -1.652244e-01 0.000000e+00 0.000000e+00 0.000000e+00 -1.570796e+00 4.976100e-09 -1.975424e-09 0.000000e+00 -4.900189e-10 0.000000e+00 0.000000e+00 0.000000e+00 -0.000000e+00 6.085041e-07 
