0.000000e+00 0.000000e+00 0.000000e+00 0.000000e+00 0.000000e+00 0.000000e+00 -1.570796e+00 7.853982e-01 0.000000e+00 0.000000e+00 0.000000e+00 0.000000e+00 0.000000e+00 0.000000e+00 0.000000e+00 -0.000000e+00 0.000000e+00 
-8.292575e-08 1.579295e-08 0.000000e+00 -7.918119e-08 0.000000e+00 0.000000e+00 -1.570795e+00 7.853962e-01 -2.487690e-06 4.737712e-07 0.000000e+00 -2.375358e-06 0.000000e+00 0.000000e+00 3.875466e-05 -5.813199e-05 -5.700250e-08 
-6.632056e-07 1.262693e-07 0.000000e+00 -6.332806e-07 0.000000e+00 0.000000e+00 -1.570786e+00 7.853827e-01 -9.948287e-06 1.894427e-06 0.000000e+00 -9.499181e-06 0.000000e+00 0.000000e+00 1.549804e-04 -2.324706e-04 -9.069410e-07 
-2.238029e-06 4.261496e-07 0.000000e+00 -2.137017e-06 0.000000e+00 0.000000e+00 -1.570761e+00 7.853459e-01 -2.237438e-05 4.260223e-06 0.000000e+00 -2.136459e-05 0.000000e+00 0.000000e+00 3.485625e-04 -5.228437e-04 -4.607231e-06 
-5.303366e-06 1.009782e-06 0.000000e+00 -5.064026e-06 0.000000e+00 0.000000e+00 -1.570714e+00 7.852742e-01 -3.975355e-05 7.567451e-06 0.000000e+00 -3.796051e-05 0.000000e+00 0.000000e+00 6.193099e-04 -9.289649e-04 -1.455971e-05 
-1.035344e-05 1.970904e-06 0.000000e+00 -9.886442e-06 0.000000e+00 0.000000e+00 -1.570635e+00 7.851562e-01 -6.206832e-05 1.180999e-05 0.000000e+00 -5.927189e-05 0.000000e+00 0.000000e+00 9.669555e-04 -1.450433e-03 -3.548910e-05 
-1.788073e-05 3.402638e-06 0.000000e+00 -1.707490e-05 0.000000e+00 0.000000e+00 -1.570518e+00 7.849803e-01 -8.929616e-05 1.697928e-05 0.000000e+00 -8.527973e-05 0.000000e+00 0.000000e+00 1.391156e-03 -2.086734e-03 -7.344298e-05 
-2.837396e-05 5.395774e-06 0.000000e+00 -2.709743e-05 0.000000e+00 0.000000e+00 -1.570354e+00 7.847351e-01 -1.214095e-04 2.306307e-05 0.000000e+00 -1.159618e-04 0.000000e+00 0.000000e+00 1.891493e-03 -2.837240e-03 -1.355499e-04 
-4.232087e-05 8.041865e-06 0.000000e+00 -4.042055e-05 0.000000e+00 0.000000e+00 -1.570137e+00 7.844091e-01 -1.583755e-04 3.004684e-05 0.000000e+00 -1.512917e-04 0.000000e+00 0.000000e+00 2.467473e-03 -3.701209e-03 -2.304904e-04 
-6.020691e-05 1.143206e-05 0.000000e+00 -5.750850e-05 0.000000e+00 0.000000e+00 -1.569858e+00 7.839911e-01 -2.001564e-04 3.791312e-05 0.000000e+00 -1.912393e-04 0.000000e+00 0.000000e+00 3.118527e-03 -4.677790e-03 -3.683278e-04 
-8.251191e-05 1.565394e-05 0.000000e+00 -7.882164e-05 0.000000e+00 0.000000e+00 -1.569511e+00 7.834698e-01 -2.467091e-04 4.663933e-05 0.000000e+00 -2.357719e-04 0.000000e+00 0.000000e+00 3.844012e-03 -5.766018e-03 -5.600533e-04 
-1.097101e-04 2.079153e-05 0.000000e+00 -1.048164e-04 0.000000e+00 0.000000e+00 -1.569087e+00 7.828342e-01 -2.979855e-04 5.619784e-05 0.000000e+00 -2.848544e-04 0.000000e+00 0.000000e+00 4.643214e-03 -6.964820e-03 -8.175858e-04 
-1.422699e-04 2.692533e-05 0.000000e+00 -1.359455e-04 0.000000e+00 0.000000e+00 -1.568580e+00 7.820732e-01 -3.539323e-04 6.655596e-05 0.000000e+00 -3.384493e-04 0.000000e+00 0.000000e+00 5.515342e-03 -8.273013e-03 -1.153772e-03 
-1.806545e-04 3.413224e-05 0.000000e+00 -1.726574e-04 0.000000e+00 0.000000e+00 -1.567982e+00 7.811760e-01 -4.144911e-04 7.767591e-05 0.000000e+00 -3.965165e-04 0.000000e+00 0.000000e+00 6.459537e-03 -9.689305e-03 -1.582387e-03 
-2.253210e-04 4.248564e-05 0.000000e+00 -2.153970e-04 0.000000e+00 0.000000e+00 -1.567285e+00 7.801318e-01 -4.795982e-04 8.951484e-05 0.000000e+00 -4.590136e-04 0.000000e+00 0.000000e+00 7.474866e-03 -1.121230e-02 -2.118131e-03 
-2.767213e-04 5.205533e-05 0.000000e+00 -2.646051e-04 0.000000e+00 0.000000e+00 -1.566484e+00 7.789300e-01 -5.491848e-04 1.020249e-04 0.000000e+00 -5.258954e-04 0.000000e+00 0.000000e+00 8.560328e-03 -1.284049e-02 -2.776637e-03 
-3.353012e-04 6.290756e-05 0.000000e+00 -3.207188e-04 0.000000e+00 0.000000e+00 -1.565571e+00 7.775602e-01 -6.231772e-04 1.151530e-04 0.000000e+00 -5.971147e-04 0.000000e+00 0.000000e+00 9.714851e-03 -1.457228e-02 -3.574460e-03 
-4.014986e-04 7.510213e-05 0.000000e+00 -3.841700e-04 0.000000e+00 0.000000e+00 -1.564539e+00 7.760122e-01 -7.014962e-04 1.288401e-04 0.000000e+00 -6.726223e-04 0.000000e+00 0.000000e+00 1.093730e-02 -1.640594e-02 -4.528613e-03 
-4.757406e-04 8.869039e-05 0.000000e+00 -4.553842e-04 0.000000e+00 0.000000e+00 -1.563381e+00 7.742757e-01 -7.840579e-04 1.430197e-04 0.000000e+00 -7.523682e-04 0.000000e+00 0.000000e+00 1.222646e-02 -1.833968e-02 -5.656306e-03 
-5.584480e-04 1.037193e-04 0.000000e+00 -5.347830e-04 0.000000e+00 0.000000e+00 -1.562092e+00 7.723410e-01 -8.707729e-04 1.576194e-04 0.000000e+00 -8.363002e-04 0.000000e+00 0.000000e+00 1.358106e-02 -2.037159e-02 -6.975571e-03 
-6.500315e-04 1.202270e-04 0.000000e+00 -6.227823e-04 0.000000e+00 0.000000e+00 -1.560663e+00 7.701982e-01 -9.615470e-04 1.725610e-04 0.000000e+00 -9.243650e-04 0.000000e+00 0.000000e+00 1.499977e-02 -2.249966e-02 -8.504481e-03 
-7.508914e-04 1.382427e-04 0.000000e+00 -7.197925e-04 0.000000e+00 0.000000e+00 -1.559089e+00 7.678379e-01 -1.056281e-03 1.877595e-04 0.000000e+00 -1.016508e-03 0.000000e+00 0.000000e+00 1.648119e-02 -2.472178e-02 -1.026113e-02 
-8.614178e-04 1.577865e-04 0.000000e+00 -8.262183e-04 0.000000e+00 0.000000e+00 -1.557365e+00 7.652508e-01 -1.154870e-03 2.031237e-04 0.000000e+00 -1.112673e-03 0.000000e+00 0.000000e+00 1.802385e-02 -2.703577e-02 -1.226362e-02 
-9.819904e-04 1.788698e-04 0.000000e+00 -9.424591e-04 0.000000e+00 0.000000e+00 -1.555483e+00 7.624277e-01 -1.257205e-03 2.185561e-04 0.000000e+00 -1.212802e-03 0.000000e+00 0.000000e+00 1.962623e-02 -2.943935e-02 -1.453011e-02 
-1.112979e-03 2.014948e-04 0.000000e+00 -1.068909e-03 0.000000e+00 0.000000e+00 -1.553438e+00 7.593600e-01 -1.363172e-03 2.339527e-04 0.000000e+00 -1.316838e-03 0.000000e+00 0.000000e+00 2.128675e-02 -3.193013e-02 -1.707874e-02 
-1.254740e-03 2.256538e-04 0.000000e+00 -1.205955e-03 0.000000e+00 0.000000e+00 -1.551223e+00 7.560389e-01 -1.472650e-03 2.492036e-04 0.000000e+00 -1.424720e-03 0.000000e+00 0.000000e+00 2.300378e-02 -3.450567e-02 -1.992745e-02 
-1.407620e-03 2.513254e-04 0.000000e+00 -1.353978e-03 0.000000e+00 0.000000e+00 -1.548835e+00 7.524561e-01 -1.585516e-03 2.641929e-04 0.000000e+00 -1.536388e-03 0.000000e+00 0.000000e+00 2.477561e-02 -3.716342e-02 -2.309339e-02 
-1.571951e-03 2.784785e-04 0.000000e+00 -1.513356e-03 0.000000e+00 0.000000e+00 -1.546267e+00 7.486036e-01 -1.701640e-03 2.787974e-04 0.000000e+00 -1.651781e-03 0.000000e+00 0.000000e+00 2.660050e-02 -3.990076e-02 -2.659366e-02 
-1.748053e-03 3.070685e-04 0.000000e+00 -1.684457e-03 0.000000e+00 0.000000e+00 -1.543513e+00 7.444734e-01 -1.820888e-03 2.928893e-04 0.000000e+00 -1.770835e-03 0.000000e+00 0.000000e+00 2.847665e-02 -4.271498e-02 -3.044450e-02 
-1.936230e-03 3.370371e-04 0.000000e+00 -1.867644e-03 0.000000e+00 0.000000e+00 -1.540570e+00 7.400581e-01 -1.943119e-03 3.063355e-04 0.000000e+00 -1.893486e-03 0.000000e+00 0.000000e+00 3.040221e-02 -4.560331e-02 -3.466117e-02 
-2.136774e-03 3.683118e-04 0.000000e+00 -2.063272e-03 0.000000e+00 0.000000e+00 -1.537431e+00 7.353504e-01 -2.068190e-03 3.189981e-04 0.000000e+00 -2.019670e-03 0.000000e+00 0.000000e+00 3.237527e-02 -4.856291e-02 -3.925803e-02 
-2.349959e-03 4.008067e-04 0.000000e+00 -2.271693e-03 0.000000e+00 0.000000e+00 -1.534093e+00 7.303432e-01 -2.195952e-03 3.307345e-04 0.000000e+00 -2.149319e-03 0.000000e+00 0.000000e+00 3.439389e-02 -5.159084e-02 -4.424845e-02 
-2.576048e-03 4.344219e-04 0.000000e+00 -2.493249e-03 0.000000e+00 0.000000e+00 -1.530551e+00 7.250300e-01 -2.326250e-03 3.413967e-04 0.000000e+00 -2.282366e-03 0.000000e+00 0.000000e+00 3.645608e-02 -5.468412e-02 -4.964491e-02 
-2.815287e-03 4.690435e-04 0.000000e+00 -2.728277e-03 0.000000e+00 0.000000e+00 -1.526800e+00 7.194043e-01 -2.458924e-03 3.508321e-04 0.000000e+00 -2.418743e-03 0.000000e+00 0.000000e+00 3.855980e-02 -5.783970e-02 -5.545891e-02 
-3.067904e-03 5.045417e-04 0.000000e+00 -2.977105e-03 0.000000e+00 0.000000e+00 -1.522838e+00 7.134601e-01 -2.593812e-03 3.588878e-04 0.000000e+00 -2.558377e-03 0.000000e+00 0.000000e+00 4.070297e-02 -6.105446e-02 -6.170030e-02 
-3.334113e-03 5.407700e-04 0.000000e+00 -3.240056e-03 0.000000e+00 0.000000e+00 -1.518659e+00 7.071916e-01 -2.730744e-03 3.654033e-04 0.000000e+00 -2.701198e-03 0.000000e+00 0.000000e+00 4.288349e-02 -6.432523e-02 -6.837775e-02 
-3.614111e-03 5.775661e-04 0.000000e+00 -3.517446e-03 0.000000e+00 0.000000e+00 -1.514260e+00 7.005933e-01 -2.869546e-03 3.702144e-04 0.000000e+00 -2.847132e-03 0.000000e+00 0.000000e+00 4.509919e-02 -6.764878e-02 -7.549866e-02 
-3.908079e-03 6.147512e-04 0.000000e+00 -3.809584e-03 0.000000e+00 0.000000e+00 -1.509638e+00 6.936602e-01 -3.010038e-03 3.731565e-04 0.000000e+00 -2.996104e-03 0.000000e+00 0.000000e+00 4.734789e-02 -7.102184e-02 -8.306873e-02 
-4.216174e-03 6.521301e-04 0.000000e+00 -4.116768e-03 0.000000e+00 0.000000e+00 -1.504789e+00 6.863874e-01 -3.152039e-03 3.740649e-04 0.000000e+00 -3.148036e-03 0.000000e+00 0.000000e+00 4.962738e-02 -7.444107e-02 -9.109201e-02 
-4.538537e-03 6.894911e-04 0.000000e+00 -4.439290e-03 0.000000e+00 0.000000e+00 -1.499711e+00 6.787705e-01 -3.295361e-03 3.727748e-04 0.000000e+00 -3.302847e-03 0.000000e+00 0.000000e+00 5.193540e-02 -7.790310e-02 -9.957088e-02 
-4.875289e-03 7.266062e-04 0.000000e+00 -4.777434e-03 0.000000e+00 0.000000e+00 -1.494401e+00 6.708055e-01 -3.439810e-03 3.691212e-04 0.000000e+00 -3.460456e-03 0.000000e+00 0.000000e+00 5.426968e-02 -8.140452e-02 -1.085060e-01 
-5.226533e-03 7.632308e-04 0.000000e+00 -5.131474e-03 0.000000e+00 0.000000e+00 -1.488857e+00 6.624884e-01 -3.585190e-03 3.629391e-04 0.000000e+00 -3.620777e-03 0.000000e+00 0.000000e+00 5.662791e-02 -8.494186e-02 -1.178965e-01 
-5.592351e-03 7.991037e-04 0.000000e+00 -5.501677e-03 0.000000e+00 0.000000e+00 -1.483075e+00 6.538160e-01 -3.731300e-03 3.540632e-04 0.000000e+00 -3.783722e-03 0.000000e+00 0.000000e+00 5.900776e-02 -8.851164e-02 -1.277396e-01 
-5.972806e-03 8.339474e-04 0.000000e+00 -5.888301e-03 0.000000e+00 0.000000e+00 -1.477054e+00 6.447851e-01 -3.877933e-03 3.423283e-04 0.000000e+00 -3.949202e-03 0.000000e+00 0.000000e+00 6.140689e-02 -9.211033e-02 -1.380310e-01 
-6.367944e-03 8.674683e-04 0.000000e+00 -6.291596e-03 0.000000e+00 0.000000e+00 -1.470793e+00 6.353931e-01 -4.024879e-03 3.275690e-04 0.000000e+00 -4.117124e-03 0.000000e+00 0.000000e+00 6.382292e-02 -9.573438e-02 -1.487647e-01 
-6.777782e-03 8.993673e-04 0.000000e+00 -6.711797e-03 0.000000e+00 0.000000e+00 -1.464289e+00 6.256375e-01 -4.171929e-03 3.096355e-04 0.000000e+00 -4.287389e-03 0.000000e+00 0.000000e+00 6.625348e-02 -9.938022e-02 -1.599337e-01 
-7.202321e-03 9.293143e-04 0.000000e+00 -7.149134e-03 0.000000e+00 0.000000e+00 -1.457542e+00 6.155164e-01 -4.318863e-03 2.883703e-04 0.000000e+00 -4.459898e-03 0.000000e+00 0.000000e+00 6.869617e-02 -1.030443e-01 -1.715281e-01 
-7.641539e-03 9.569581e-04 0.000000e+00 -7.603831e-03 0.000000e+00 0.000000e+00 -1.450550e+00 6.050282e-01 -4.465455e-03 2.636141e-04 0.000000e+00 -4.634549e-03 0.000000e+00 0.000000e+00 7.114857e-02 -1.067229e-01 -1.835356e-01 
-8.095391e-03 9.819364e-04 0.000000e+00 -8.076101e-03 0.000000e+00 0.000000e+00 -1.443312e+00 5.941715e-01 -4.611479e-03 2.352165e-04 0.000000e+00 -4.811235e-03 0.000000e+00 0.000000e+00 7.360826e-02 -1.104124e-01 -1.959427e-01 
-8.563810e-03 1.003876e-03 0.000000e+00 -8.566143e-03 0.000000e+00 0.000000e+00 -1.435828e+00 5.829455e-01 -4.756705e-03 2.030360e-04 0.000000e+00 -4.989844e-03 0.000000e+00 0.000000e+00 7.607282e-02 -1.141092e-01 -2.087344e-01 
-9.046703e-03 1.022394e-03 0.000000e+00 -9.074141e-03 0.000000e+00 0.000000e+00 -1.428097e+00 5.713495e-01 -4.900903e-03 1.669402e-04 0.000000e+00 -5.170261e-03 0.000000e+00 0.000000e+00 7.853982e-02 -1.178097e-01 -2.218948e-01 
-9.543956e-03 1.037095e-03 0.000000e+00 -9.600270e-03 0.000000e+00 0.000000e+00 -1.420120e+00 5.593835e-01 -5.043840e-03 1.268054e-04 0.000000e+00 -5.352365e-03 0.000000e+00 0.000000e+00 8.100681e-02 -1.215102e-01 -2.354064e-01 
-1.005543e-02 1.047574e-03 0.000000e+00 -1.014469e-02 0.000000e+00 0.000000e+00 -1.411896e+00 5.470476e-01 -5.185282e-03 8.251715e-05 0.000000e+00 -5.536030e-03 0.000000e+00 0.000000e+00 8.347137e-02 -1.252071e-01 -2.492505e-01 
-1.058096e-02 1.053415e-03 0.000000e+00 -1.070754e-02 0.000000e+00 0.000000e+00 -1.403426e+00 5.343424e-01 -5.324995e-03 3.396966e-05 0.000000e+00 -5.721126e-03 0.000000e+00 0.000000e+00 8.593107e-02 -1.288966e-01 -2.634071e-01 
-1.112037e-02 1.054192e-03 0.000000e+00 -1.128897e-02 0.000000e+00 0.000000e+00 -1.394710e+00 5.212687e-01 -5.462739e-03 -1.893379e-05 0.000000e+00 -5.907519e-03 0.000000e+00 0.000000e+00 8.838347e-02 -1.325752e-01 -2.778549e-01 
-1.167344e-02 1.049467e-03 0.000000e+00 -1.188909e-02 0.000000e+00 0.000000e+00 -1.385749e+00 5.078278e-01 -5.598278e-03 -7.628098e-05 0.000000e+00 -6.095068e-03 0.000000e+00 0.000000e+00 9.082615e-02 -1.362392e-01 -2.925713e-01 
-1.223994e-02 1.038792e-03 0.000000e+00 -1.250802e-02 0.000000e+00 0.000000e+00 -1.376545e+00 4.940214e-01 -5.731368e-03 -1.381508e-04 0.000000e+00 -6.283631e-03 0.000000e+00 0.000000e+00 9.325671e-02 -1.398851e-01 -3.075324e-01 
-1.281961e-02 1.021708e-03 0.000000e+00 -1.314583e-02 0.000000e+00 0.000000e+00 -1.367099e+00 4.798515e-01 -5.861769e-03 -2.046131e-04 0.000000e+00 -6.473057e-03 0.000000e+00 0.000000e+00 9.567275e-02 -1.435091e-01 -3.227131e-01 
-1.341219e-02 9.977448e-04 0.000000e+00 -1.380263e-02 0.000000e+00 0.000000e+00 -1.357411e+00 4.653204e-01 -5.989237e-03 -2.757289e-04 0.000000e+00 -6.663193e-03 0.000000e+00 0.000000e+00 9.807187e-02 -1.471078e-01 -3.380868e-01 
-1.401735e-02 9.664258e-04 0.000000e+00 -1.447848e-02 0.000000e+00 0.000000e+00 -1.347485e+00 4.504309e-01 -6.113526e-03 -3.515488e-04 0.000000e+00 -6.853882e-03 0.000000e+00 0.000000e+00 1.004517e-01 -1.506776e-01 -3.536260e-01 
-1.463478e-02 9.272972e-04 0.000000e+00 -1.517342e-02 0.000000e+00 0.000000e+00 -1.337322e+00 4.351860e-01 -6.234407e-03 -4.320959e-04 0.000000e+00 -7.044958e-03 0.000000e+00 0.000000e+00 1.028100e-01 -1.542149e-01 -3.693053e-01 
-1.526412e-02 8.798786e-04 0.000000e+00 -1.588747e-02 0.000000e+00 0.000000e+00 -1.326924e+00 4.195891e-01 -6.351641e-03 -5.173850e-04 0.000000e+00 -7.236250e-03 0.000000e+00 0.000000e+00 1.051442e-01 -1.577163e-01 -3.850967e-01 
-1.590499e-02 8.236859e-04 0.000000e+00 -1.662066e-02 0.000000e+00 0.000000e+00 -1.316294e+00 4.036441e-01 -6.464991e-03 -6.074197e-04 0.000000e+00 -7.427582e-03 0.000000e+00 0.000000e+00 1.074523e-01 -1.611784e-01 -4.009716e-01 
-1.655699e-02 7.582412e-04 0.000000e+00 -1.737298e-02 0.000000e+00 0.000000e+00 -1.305434e+00 3.873549e-01 -6.574223e-03 -7.021879e-04 0.000000e+00 -7.618773e-03 0.000000e+00 0.000000e+00 1.097317e-01 -1.645976e-01 -4.169015e-01 
-1.721969e-02 6.830736e-04 0.000000e+00 -1.814441e-02 0.000000e+00 0.000000e+00 -1.294348e+00 3.707261e-01 -6.679111e-03 -8.016621e-04 0.000000e+00 -7.809638e-03 0.000000e+00 0.000000e+00 1.119804e-01 -1.679707e-01 -4.328582e-01 
-1.789264e-02 5.977188e-04 0.000000e+00 -1.893490e-02 0.000000e+00 0.000000e+00 -1.283039e+00 3.537624e-01 -6.779438e-03 -9.057993e-04 0.000000e+00 -7.999987e-03 0.000000e+00 0.000000e+00 1.141961e-01 -1.712942e-01 -4.488136e-01 
-1.857540e-02 5.017193e-04 0.000000e+00 -1.974440e-02 0.000000e+00 0.000000e+00 -1.271510e+00 3.364690e-01 -6.874988e-03 -1.014541e-03 0.000000e+00 -8.189626e-03 0.000000e+00 0.000000e+00 1.163767e-01 -1.745650e-01 -4.647397e-01 
-1.926746e-02 3.946239e-04 0.000000e+00 -2.057281e-02 0.000000e+00 0.000000e+00 -1.259765e+00 3.188513e-01 -6.965555e-03 -1.127814e-03 0.000000e+00 -8.378357e-03 0.000000e+00 0.000000e+00 1.185198e-01 -1.777798e-01 -4.806089e-01 
-1.996833e-02 2.759886e-04 0.000000e+00 -2.142004e-02 0.000000e+00 0.000000e+00 -1.247808e+00 3.009150e-01 -7.050938e-03 -1.245528e-03 0.000000e+00 -8.565978e-03 0.000000e+00 0.000000e+00 1.206236e-01 -1.809353e-01 -4.963934e-01 
-2.067747e-02 1.453758e-04 0.000000e+00 -2.228596e-02 0.000000e+00 0.000000e+00 -1.235642e+00 2.826663e-01 -7.130941e-03 -1.367578e-03 0.000000e+00 -8.752282e-03 0.000000e+00 0.000000e+00 1.226857e-01 -1.840286e-01 -5.120660e-01 
-2.139434e-02 2.354558e-06 0.000000e+00 -2.317043e-02 0.000000e+00 0.000000e+00 -1.223272e+00 2.641115e-01 -7.205377e-03 -1.493845e-03 0.000000e+00 -8.937056e-03 0.000000e+00 0.000000e+00 1.247044e-01 -1.870565e-01 -5.275993e-01 
-2.211836e-02 -1.534992e-04 0.000000e+00 -2.407330e-02 0.000000e+00 0.000000e+00 -1.210702e+00 2.452572e-01 -7.274063e-03 -1.624192e-03 0.000000e+00 -9.120086e-03 0.000000e+00 0.000000e+00 1.266774e-01 -1.900161e-01 -5.429664e-01 
-2.284896e-02 -3.225960e-04 0.000000e+00 -2.499438e-02 0.000000e+00 0.000000e+00 -1.197938e+00 2.261106e-01 -7.336825e-03 -1.758470e-03 0.000000e+00 -9.301153e-03 0.000000e+00 0.000000e+00 1.286030e-01 -1.929045e-01 -5.581406e-01 
-2.358554e-02 -5.053060e-04 0.000000e+00 -2.593346e-02 0.000000e+00 0.000000e+00 -1.184983e+00 2.066788e-01 -7.393512e-03 -1.896511e-03 0.000000e+00 -9.480040e-03 0.000000e+00 0.000000e+00 1.304791e-01 -1.957187e-01 -5.730972e-01 
-2.432748e-02 -7.020024e-04 0.000000e+00 -2.689031e-02 0.000000e+00 0.000000e+00 -1.171844e+00 1.869694e-01 -7.443975e-03 -2.038132e-03 0.000000e+00 -9.656523e-03 0.000000e+00 0.000000e+00 1.323040e-01 -1.984560e-01 -5.878117e-01 
-2.507413e-02 -9.130375e-04 0.000000e+00 -2.786468e-02 0.000000e+00 0.000000e+00 -1.158524e+00 1.669903e-01 -7.488074e-03 -2.183131e-03 0.000000e+00 -9.830375e-03 0.000000e+00 0.000000e+00 1.340759e-01 -2.011138e-01 -6.022602e-01 
-2.582487e-02 -1.138739e-03 0.000000e+00 -2.885629e-02 0.000000e+00 0.000000e+00 -1.145030e+00 1.467494e-01 -7.525688e-03 -2.331297e-03 0.000000e+00 -1.000137e-02 0.000000e+00 0.000000e+00 1.357929e-01 -2.036893e-01 -6.164195e-01 
-2.657903e-02 -1.379411e-03 0.000000e+00 -2.986485e-02 0.000000e+00 0.000000e+00 -1.131368e+00 1.262552e-01 -7.556707e-03 -2.482405e-03 0.000000e+00 -1.016929e-02 0.000000e+00 0.000000e+00 1.374534e-01 -2.061801e-01 -6.302674e-01 
-2.733596e-02 -1.635332e-03 0.000000e+00 -3.089004e-02 0.000000e+00 0.000000e+00 -1.117542e+00 1.055163e-01 -7.581036e-03 -2.636219e-03 0.000000e+00 -1.033389e-02 0.000000e+00 0.000000e+00 1.390558e-01 -2.085837e-01 -6.437823e-01 
-2.809499e-02 -1.906756e-03 0.000000e+00 -3.193151e-02 0.000000e+00 0.000000e+00 -1.103559e+00 8.454148e-02 -7.598594e-03 -2.792489e-03 0.000000e+00 -1.049497e-02 0.000000e+00 0.000000e+00 1.405984e-01 -2.108977e-01 -6.569436e-01 
-2.885544e-02 -2.193913e-03 0.000000e+00 -3.298890e-02 0.000000e+00 0.000000e+00 -1.089424e+00 6.333984e-02 -7.609314e-03 -2.950954e-03 0.000000e+00 -1.065229e-02 0.000000e+00 0.000000e+00 1.420799e-01 -2.131198e-01 -6.697312e-01 
-2.961663e-02 -2.497008e-03 0.000000e+00 -3.406183e-02 0.000000e+00 0.000000e+00 -1.075145e+00 4.192066e-02 -7.613145e-03 -3.111339e-03 0.000000e+00 -1.080563e-02 0.000000e+00 0.000000e+00 1.434986e-01 -2.152479e-01 -6.821262e-01 
-3.037785e-02 -2.816221e-03 0.000000e+00 -3.514989e-02 0.000000e+00 0.000000e+00 -1.060727e+00 2.029347e-02 -7.610047e-03 -3.273358e-03 0.000000e+00 -1.095477e-02 0.000000e+00 0.000000e+00 1.448532e-01 -2.172798e-01 -6.941101e-01 
-3.113842e-02 -3.151709e-03 0.000000e+00 -3.625264e-02 0.000000e+00 0.000000e+00 -1.046176e+00 -1.532019e-03 -7.599997e-03 -3.436712e-03 0.000000e+00 -1.109949e-02 0.000000e+00 0.000000e+00 1.461423e-01 -2.192135e-01 -7.056654e-01 
-3.189764e-02 -3.503592e-03 0.000000e+00 -3.736964e-02 0.000000e+00 0.000000e+00 -1.031500e+00 -2.354589e-02 -7.582989e-03 -3.601101e-03 0.000000e+00 -1.123957e-02 0.000000e+00 0.000000e+00 1.473648e-01 -2.210472e-01 -7.167751e-01 
-3.265481e-02 -3.871952e-03 0.000000e+00 -3.850040e-02 0.000000e+00 0.000000e+00 -1.016706e+00 -4.573806e-02 -7.559035e-03 -3.766215e-03 0.000000e+00 -1.137479e-02 0.000000e+00 0.000000e+00 1.485193e-01 -2.227790e-01 -7.274232e-01 
-3.340923e-02 -4.256847e-03 0.000000e+00 -3.964444e-02 0.000000e+00 0.000000e+00 -1.001799e+00 -6.809823e-02 -7.528164e-03 -3.931727e-03 0.000000e+00 -1.150495e-02 0.000000e+00 0.000000e+00 1.496048e-01 -2.244072e-01 -7.375942e-01 
-3.416022e-02 -4.658300e-03 0.000000e+00 -4.080122e-02 0.000000e+00 0.000000e+00 -9.867869e-01 -9.061598e-02 -7.490421e-03 -4.097310e-03 0.000000e+00 -1.162984e-02 0.000000e+00 0.000000e+00 1.506201e-01 -2.259301e-01 -7.472736e-01 
-3.490708e-02 -5.076302e-03 0.000000e+00 -4.197022e-02 0.000000e+00 0.000000e+00 -9.716771e-01 -1.132807e-01 -7.445867e-03 -4.262634e-03 0.000000e+00 -1.174926e-02 0.000000e+00 0.000000e+00 1.515643e-01 -2.273464e-01 -7.564470e-01 
-3.564914e-02 -5.510810e-03 0.000000e+00 -4.315087e-02 0.000000e+00 0.000000e+00 -9.564764e-01 -1.360817e-01 -7.394579e-03 -4.427369e-03 0.000000e+00 -1.186303e-02 0.000000e+00 0.000000e+00 1.524364e-01 -2.286546e-01 -7.651007e-01 
-3.638574e-02 -5.961748e-03 0.000000e+00 -4.434261e-02 0.000000e+00 0.000000e+00 -9.411922e-01 -1.590080e-01 -7.336652e-03 -4.591183e-03 0.000000e+00 -1.197095e-02 0.000000e+00 0.000000e+00 1.532356e-01 -2.298534e-01 -7.732215e-01 
-3.711622e-02 -6.429007e-03 0.000000e+00 -4.554485e-02 0.000000e+00 0.000000e+00 -9.258318e-01 -1.820487e-01 -7.272195e-03 -4.753742e-03 0.000000e+00 -1.207285e-02 0.000000e+00 0.000000e+00 1.539611e-01 -2.309417e-01 -7.807968e-01 
-3.783995e-02 -6.912444e-03 0.000000e+00 -4.675697e-02 0.000000e+00 0.000000e+00 -9.104025e-01 -2.051926e-01 -7.201335e-03 -4.914712e-03 0.000000e+00 -1.216856e-02 0.000000e+00 0.000000e+00 1.546122e-01 -2.319182e-01 -7.878144e-01 
-3.855629e-02 -7.411884e-03 0.000000e+00 -4.797835e-02 0.000000e+00 0.000000e+00 -8.949118e-01 -2.284286e-01 -7.124214e-03 -5.073756e-03 0.000000e+00 -1.225791e-02 0.000000e+00 0.000000e+00 1.551881e-01 -2.327822e-01 -7.942625e-01 
-3.926461e-02 -7.927118e-03 0.000000e+00 -4.920835e-02 0.000000e+00 0.000000e+00 -8.793674e-01 -2.517453e-01 -7.040991e-03 -5.230537e-03 0.000000e+00 -1.234076e-02 0.000000e+00 0.000000e+00 1.556885e-01 -2.335327e-01 -8.001301e-01 
-3.996431e-02 -8.457903e-03 0.000000e+00 -5.044629e-02 0.000000e+00 0.000000e+00 -8.637767e-01 -2.751313e-01 -6.951841e-03 -5.384716e-03 0.000000e+00 -1.241696e-02 0.000000e+00 0.000000e+00 1.561127e-01 -2.341690e-01 -8.054066e-01 
-4.065481e-02 -9.003975e-03 0.000000e+00 -5.169153e-02 0.000000e+00 0.000000e+00 -8.481474e-01 -2.985752e-01 -6.856944e-03 -5.535971e-03 0.000000e+00 -1.248636e-02 0.000000e+00 0.000000e+00 1.564603e-01 -2.346905e-01 -8.100823e-01 
-4.133554e-02 -9.565029e-03 0.000000e+00 -5.294337e-02 0.000000e+00 0.000000e+00 -8.324872e-01 -3.220655e-01 -6.756498e-03 -5.683986e-03 0.000000e+00 -1.254885e-02 0.000000e+00 0.000000e+00 1.567311e-01 -2.350966e-01 -8.141473e-01 
-4.200596e-02 -1.014070e-02 0.000000e+00 -5.420111e-02 0.000000e+00 0.000000e+00 -8.168038e-01 -3.455907e-01 -6.650732e-03 -5.828433e-03 0.000000e+00 -1.260430e-02 0.000000e+00 0.000000e+00 1.569247e-01 -2.353870e-01 -8.175914e-01 
-4.266553e-02 -1.073062e-02 0.000000e+00 -5.546403e-02 0.000000e+00 0.000000e+00 -8.011048e-01 -3.691391e-01 -6.539881e-03 -5.968998e-03 0.000000e+00 -1.265262e-02 0.000000e+00 0.000000e+00 1.570409e-01 -2.355613e-01 -8.204053e-01 
-4.331377e-02 -1.133437e-02 0.000000e+00 -5.673140e-02 0.000000e+00 0.000000e+00 -7.853982e-01 -3.926991e-01 -6.424189e-03 -6.105376e-03 0.000000e+00 -1.269371e-02 0.000000e+00 0.000000e+00 1.570796e-01 -2.356194e-01 -8.225804e-01 
-4.395020e-02 -1.195153e-02 0.000000e+00 -5.800250e-02 0.000000e+00 0.000000e+00 -7.696915e-01 -4.162591e-01 -6.303906e-03 -6.237278e-03 0.000000e+00 -1.272749e-02 0.000000e+00 0.000000e+00 1.570409e-01 -2.355613e-01 -8.241087e-01 
-4.457438e-02 -1.258162e-02 0.000000e+00 -5.927661e-02 0.000000e+00 0.000000e+00 -7.539926e-01 -4.398075e-01 -6.179293e-03 -6.364426e-03 0.000000e+00 -1.275388e-02 0.000000e+00 0.000000e+00 1.569247e-01 -2.353870e-01 -8.249832e-01 
-4.518588e-02 -1.322418e-02 0.000000e+00 -6.055297e-02 0.000000e+00 0.000000e+00 -7.383091e-01 -4.633326e-01 -6.050614e-03 -6.486555e-03 0.000000e+00 -1.277284e-02 0.000000e+00 0.000000e+00 1.567311e-01 -2.350966e-01 -8.251977e-01 
-4.578433e-02 -1.387869e-02 0.000000e+00 -6.183086e-02 0.000000e+00 0.000000e+00 -7.226489e-01 -4.868229e-01 -5.918145e-03 -6.603411e-03 0.000000e+00 -1.278431e-02 0.000000e+00 0.000000e+00 1.564603e-01 -2.346905e-01 -8.247466e-01 
-4.636936e-02 -1.454462e-02 0.000000e+00 -6.310953e-02 0.000000e+00 0.000000e+00 -7.070196e-01 -5.102669e-01 -5.782166e-03 -6.714755e-03 0.000000e+00 -1.278825e-02 0.000000e+00 0.000000e+00 1.561127e-01 -2.341690e-01 -8.236252e-01 
-4.694064e-02 -1.522142e-02 0.000000e+00 -6.438823e-02 0.000000e+00 0.000000e+00 -6.914289e-01 -5.336529e-01 -5.642969e-03 -6.820358e-03 0.000000e+00 -1.278466e-02 0.000000e+00 0.000000e+00 1.556885e-01 -2.335327e-01 -8.218296e-01 
-4.749786e-02 -1.590849e-02 0.000000e+00 -6.566621e-02 0.000000e+00 0.000000e+00 -6.758845e-01 -5.569696e-01 -5.500849e-03 -6.920007e-03 0.000000e+00 -1.277352e-02 0.000000e+00 0.000000e+00 1.551881e-01 -2.327822e-01 -8.193567e-01 
-4.804075e-02 -1.660524e-02 0.000000e+00 -6.694271e-02 0.000000e+00 0.000000e+00 -6.603938e-01 -5.802056e-01 -5.356113e-03 -7.013498e-03 0.000000e+00 -1.275482e-02 0.000000e+00 0.000000e+00 1.546122e-01 -2.319182e-01 -8.162040e-01 
-4.856904e-02 -1.731103e-02 0.000000e+00 -6.821697e-02 0.000000e+00 0.000000e+00 -6.449646e-01 -6.033495e-01 -5.209072e-03 -7.100642e-03 0.000000e+00 -1.272859e-02 0.000000e+00 0.000000e+00 1.539611e-01 -2.309417e-01 -8.123700e-01 
-4.908252e-02 -1.802520e-02 0.000000e+00 -6.948822e-02 0.000000e+00 0.000000e+00 -6.296041e-01 -6.263902e-01 -5.060047e-03 -7.181260e-03 0.000000e+00 -1.269485e-02 0.000000e+00 0.000000e+00 1.532356e-01 -2.298534e-01 -8.078538e-01 
-4.958101e-02 -1.874709e-02 0.000000e+00 -7.075571e-02 0.000000e+00 0.000000e+00 -6.143199e-01 -6.493165e-01 -4.909352e-03 -7.255194e-03 0.000000e+00 -1.265363e-02 0.000000e+00 0.000000e+00 1.524364e-01 -2.286546e-01 -8.026563e-01 
-5.006434e-02 -1.947604e-02 0.000000e+00 -7.201872e-02 0.000000e+00 0.000000e+00 -5.991192e-01 -6.721175e-01 -4.757281e-03 -7.322316e-03 0.000000e+00 -1.260498e-02 0.000000e+00 0.000000e+00 1.515643e-01 -2.273464e-01 -7.967813e-01 
-5.053241e-02 -2.021136e-02 0.000000e+00 -7.327649e-02 0.000000e+00 0.000000e+00 -5.840094e-01 -6.947822e-01 -4.604154e-03 -7.382507e-03 0.000000e+00 -1.254898e-02 0.000000e+00 0.000000e+00 1.506201e-01 -2.259301e-01 -7.902322e-01 
-5.098513e-02 -2.095234e-02 0.000000e+00 -7.452829e-02 0.000000e+00 0.000000e+00 -5.689976e-01 -7.172999e-01 -4.450283e-03 -7.435666e-03 0.000000e+00 -1.248568e-02 0.000000e+00 0.000000e+00 1.496048e-01 -2.244072e-01 -7.830144e-01 
-5.142245e-02 -2.169826e-02 0.000000e+00 -7.577338e-02 0.000000e+00 0.000000e+00 -5.540908e-01 -7.396601e-01 -4.295978e-03 -7.481708e-03 0.000000e+00 -1.241519e-02 0.000000e+00 0.000000e+00 1.485193e-01 -2.227790e-01 -7.751349e-01 
-5.184433e-02 -2.244841e-02 0.000000e+00 -7.701107e-02 0.000000e+00 0.000000e+00 -5.392960e-01 -7.618523e-01 -4.141538e-03 -7.520566e-03 0.000000e+00 -1.233759e-02 0.000000e+00 0.000000e+00 1.473648e-01 -2.210472e-01 -7.666024e-01 
-5.225078e-02 -2.320208e-02 0.000000e+00 -7.824064e-02 0.000000e+00 0.000000e+00 -5.246201e-01 -7.838661e-01 -3.987257e-03 -7.552189e-03 0.000000e+00 -1.225299e-02 0.000000e+00 0.000000e+00 1.461423e-01 -2.192135e-01 -7.574274e-01 
-5.264182e-02 -2.395855e-02 0.000000e+00 -7.946140e-02 0.000000e+00 0.000000e+00 -5.100698e-01 -8.056916e-01 -3.833422e-03 -7.576544e-03 0.000000e+00 -1.216150e-02 0.000000e+00 0.000000e+00 1.448532e-01 -2.172798e-01 -7.476221e-01 
-5.301751e-02 -2.471709e-02 0.000000e+00 -8.067268e-02 0.000000e+00 0.000000e+00 -4.956517e-01 -8.273188e-01 -3.680314e-03 -7.593613e-03 0.000000e+00 -1.206325e-02 0.000000e+00 0.000000e+00 1.434986e-01 -2.152479e-01 -7.372004e-01 
-5.337793e-02 -2.547699e-02 0.000000e+00 -8.187381e-02 0.000000e+00 0.000000e+00 -4.813722e-01 -8.487380e-01 -3.528206e-03 -7.603398e-03 0.000000e+00 -1.195837e-02 0.000000e+00 0.000000e+00 1.420799e-01 -2.131198e-01 -7.261780e-01 
-5.372320e-02 -2.623753e-02 0.000000e+00 -8.306414e-02 0.000000e+00 0.000000e+00 -4.672378e-01 -8.699396e-01 -3.377364e-03 -7.605916e-03 0.000000e+00 -1.184700e-02 0.000000e+00 0.000000e+00 1.405984e-01 -2.108977e-01 -7.145723e-01 
-5.405345e-02 -2.699796e-02 0.000000e+00 -8.424302e-02 0.000000e+00 0.000000e+00 -4.532546e-01 -8.909145e-01 -3.228049e-03 -7.601202e-03 0.000000e+00 -1.172931e-02 0.000000e+00 0.000000e+00 1.390558e-01 -2.085837e-01 -7.024025e-01 
-5.436885e-02 -2.775757e-02 0.000000e+00 -8.540982e-02 0.000000e+00 0.000000e+00 -4.394286e-01 -9.116534e-01 -3.080515e-03 -7.589306e-03 0.000000e+00 -1.160544e-02 0.000000e+00 0.000000e+00 1.374534e-01 -2.061801e-01 -6.896895e-01 
-5.466960e-02 -2.851562e-02 0.000000e+00 -8.656393e-02 0.000000e+00 0.000000e+00 -4.257658e-01 -9.321476e-01 -2.935006e-03 -7.570297e-03 0.000000e+00 -1.147559e-02 0.000000e+00 0.000000e+00 1.357929e-01 -2.036893e-01 -6.764559e-01 
-5.495591e-02 -2.927142e-02 0.000000e+00 -8.770475e-02 0.000000e+00 0.000000e+00 -4.122719e-01 -9.523884e-01 -2.791750e-03 -7.544250e-03 0.000000e+00 -1.133991e-02 0.000000e+00 0.000000e+00 1.340759e-01 -2.011138e-01 -6.627249e-01 
-5.522800e-02 -3.002427e-02 0.000000e+00 -8.883173e-02 0.000000e+00 0.000000e+00 -3.989525e-01 -9.723676e-01 -2.650956e-03 -7.511261e-03 0.000000e+00 -1.119859e-02 0.000000e+00 0.000000e+00 1.323040e-01 -1.984560e-01 -6.485231e-01 
-5.548615e-02 -3.077347e-02 0.000000e+00 -8.994430e-02 0.000000e+00 0.000000e+00 -3.858129e-01 -9.920770e-01 -2.512831e-03 -7.471447e-03 0.000000e+00 -1.105182e-02 0.000000e+00 0.000000e+00 1.304791e-01 -1.957187e-01 -6.338796e-01 
-5.573064e-02 -3.151835e-02 0.000000e+00 -9.104193e-02 0.000000e+00 0.000000e+00 -3.728584e-01 -1.011509e+00 -2.377565e-03 -7.424935e-03 0.000000e+00 -1.089981e-02 0.000000e+00 0.000000e+00 1.286030e-01 -1.929045e-01 -6.188243e-01 
-5.596177e-02 -3.225823e-02 0.000000e+00 -9.212409e-02 0.000000e+00 0.000000e+00 -3.600939e-01 -1.030655e+00 -2.245337e-03 -7.371863e-03 0.000000e+00 -1.074276e-02 0.000000e+00 0.000000e+00 1.266774e-01 -1.900161e-01 -6.033881e-01 
-5.617985e-02 -3.299248e-02 0.000000e+00 -9.319031e-02 0.000000e+00 0.000000e+00 -3.475245e-01 -1.049510e+00 -2.116310e-03 -7.312377e-03 0.000000e+00 -1.058088e-02 0.000000e+00 0.000000e+00 1.247044e-01 -1.870565e-01 -5.876030e-01 
-5.638519e-02 -3.372046e-02 0.000000e+00 -9.424010e-02 0.000000e+00 0.000000e+00 -3.351546e-01 -1.068064e+00 -1.990634e-03 -7.246637e-03 0.000000e+00 -1.041437e-02 0.000000e+00 0.000000e+00 1.226857e-01 -1.840286e-01 -5.715017e-01 
-5.657814e-02 -3.444157e-02 0.000000e+00 -9.527302e-02 0.000000e+00 0.000000e+00 -3.229888e-01 -1.086313e+00 -1.868446e-03 -7.174809e-03 0.000000e+00 -1.024345e-02 0.000000e+00 0.000000e+00 1.206236e-01 -1.809353e-01 -5.551179e-01 
-5.675905e-02 -3.515519e-02 0.000000e+00 -9.628864e-02 0.000000e+00 0.000000e+00 -3.110313e-01 -1.104249e+00 -1.749869e-03 -7.097073e-03 0.000000e+00 -1.006834e-02 0.000000e+00 0.000000e+00 1.185198e-01 -1.777798e-01 -5.384863e-01 
-5.692827e-02 -3.586077e-02 0.000000e+00 -9.728655e-02 0.000000e+00 0.000000e+00 -2.992861e-01 -1.121867e+00 -1.635010e-03 -7.013615e-03 0.000000e+00 -9.889256e-03 0.000000e+00 0.000000e+00 1.163767e-01 -1.745650e-01 -5.216424e-01 
-5.708618e-02 -3.655773e-02 0.000000e+00 -9.826636e-02 0.000000e+00 0.000000e+00 -2.877572e-01 -1.139161e+00 -1.523965e-03 -6.924635e-03 0.000000e+00 -9.706430e-03 0.000000e+00 0.000000e+00 1.141961e-01 -1.712942e-01 -5.046227e-01 
-5.723317e-02 -3.724554e-02 0.000000e+00 -9.922772e-02 0.000000e+00 0.000000e+00 -2.764481e-01 -1.156124e+00 -1.416815e-03 -6.830341e-03 0.000000e+00 -9.520090e-03 0.000000e+00 0.000000e+00 1.119804e-01 -1.679707e-01 -4.874647e-01 
-5.736964e-02 -3.792366e-02 0.000000e+00 -1.001703e-01 0.000000e+00 0.000000e+00 -2.653622e-01 -1.172753e+00 -1.313628e-03 -6.730951e-03 0.000000e+00 -9.330469e-03 0.000000e+00 0.000000e+00 1.097317e-01 -1.645976e-01 -4.702067e-01 
-5.749599e-02 -3.859159e-02 0.000000e+00 -1.010937e-01 0.000000e+00 0.000000e+00 -2.545027e-01 -1.189042e+00 -1.214456e-03 -6.626696e-03 0.000000e+00 -9.137805e-03 0.000000e+00 0.000000e+00 1.074523e-01 -1.611784e-01 -4.528879e-01 
-5.761264e-02 -3.924885e-02 0.000000e+00 -1.019978e-01 0.000000e+00 0.000000e+00 -2.438727e-01 -1.204987e+00 -1.119349e-03 -6.517795e-03 0.000000e+00 -8.942328e-03 0.000000e+00 0.000000e+00 1.051442e-01 -1.577163e-01 -4.355445e-01 
-5.771996e-02 -3.989500e-02 0.000000e+00 -1.028821e-01 0.000000e+00 0.000000e+00 -2.334748e-01 -1.220584e+00 -1.028332e-03 -6.404475e-03 0.000000e+00 -8.744271e-03 0.000000e+00 0.000000e+00 1.028100e-01 -1.542149e-01 -4.182125e-01 
-5.781839e-02 -4.052961e-02 0.000000e+00 -1.037465e-01 0.000000e+00 0.000000e+00 -2.233115e-01 -1.235829e+00 -9.414120e-04 -6.286983e-03 0.000000e+00 -8.543874e-03 0.000000e+00 0.000000e+00 1.004517e-01 -1.506776e-01 -4.009318e-01 
-5.790834e-02 -4.115227e-02 0.000000e+00 -1.045908e-01 0.000000e+00 0.000000e+00 -2.133851e-01 -1.250719e+00 -8.585831e-04 -6.165567e-03 0.000000e+00 -8.341376e-03 0.000000e+00 0.000000e+00 9.807187e-02 -1.471078e-01 -3.837406e-01 
-5.799023e-02 -4.176260e-02 0.000000e+00 -1.054147e-01 0.000000e+00 0.000000e+00 -2.036978e-01 -1.265250e+00 -7.798314e-04 -6.040475e-03 0.000000e+00 -8.137015e-03 0.000000e+00 0.000000e+00 9.567275e-02 -1.435091e-01 -3.666758e-01 
-5.806446e-02 -4.236025e-02 0.000000e+00 -1.062181e-01 0.000000e+00 0.000000e+00 -1.942512e-01 -1.279420e+00 -7.051334e-04 -5.911956e-03 0.000000e+00 -7.931028e-03 0.000000e+00 0.000000e+00 9.325671e-02 -1.398851e-01 -3.497728e-01 
-5.813143e-02 -4.294488e-02 0.000000e+00 -1.070009e-01 0.000000e+00 0.000000e+00 -1.850469e-01 -1.293226e+00 -6.344562e-04 -5.780256e-03 0.000000e+00 -7.723649e-03 0.000000e+00 0.000000e+00 9.082615e-02 -1.362392e-01 -3.330656e-01 
-5.819154e-02 -4.351620e-02 0.000000e+00 -1.077628e-01 0.000000e+00 0.000000e+00 -1.760863e-01 -1.306667e+00 -5.677577e-04 -5.645627e-03 0.000000e+00 -7.515112e-03 0.000000e+00 0.000000e+00 8.838347e-02 -1.325752e-01 -3.165869e-01 
-5.824518e-02 -4.407392e-02 0.000000e+00 -1.085039e-01 0.000000e+00 0.000000e+00 -1.673705e-01 -1.319741e+00 -5.049864e-04 -5.508316e-03 0.000000e+00 -7.305650e-03 0.000000e+00 0.000000e+00 8.593107e-02 -1.288966e-01 -3.003676e-01 
-5.829274e-02 -4.461778e-02 0.000000e+00 -1.092240e-01 0.000000e+00 0.000000e+00 -1.589004e-01 -1.332446e+00 -4.460813e-04 -5.368574e-03 0.000000e+00 -7.095494e-03 0.000000e+00 0.000000e+00 8.347137e-02 -1.252071e-01 -2.844374e-01 
-5.833458e-02 -4.514756e-02 0.000000e+00 -1.099230e-01 0.000000e+00 0.000000e+00 -1.506764e-01 -1.344782e+00 -3.909722e-04 -5.226650e-03 0.000000e+00 -6.884873e-03 0.000000e+00 0.000000e+00 8.100681e-02 -1.215102e-01 -2.688246e-01 
-5.837108e-02 -4.566304e-02 0.000000e+00 -1.106009e-01 0.000000e+00 0.000000e+00 -1.426991e-01 -1.356748e+00 -3.395795e-04 -5.082795e-03 0.000000e+00 -6.674017e-03 0.000000e+00 0.000000e+00 7.853982e-02 -1.178097e-01 -2.535559e-01 
-5.840262e-02 -4.616406e-02 0.000000e+00 -1.112578e-01 0.000000e+00 0.000000e+00 -1.349685e-01 -1.368344e+00 -2.918143e-04 -4.937260e-03 0.000000e+00 -6.463152e-03 0.000000e+00 0.000000e+00 7.607282e-02 -1.141092e-01 -2.386567e-01 
-5.842953e-02 -4.665045e-02 0.000000e+00 -1.118936e-01 0.000000e+00 0.000000e+00 -1.274844e-01 -1.379570e+00 -2.475783e-04 -4.790295e-03 0.000000e+00 -6.252504e-03 0.000000e+00 0.000000e+00 7.360826e-02 -1.104124e-01 -2.241508e-01 
-5.845219e-02 -4.712209e-02 0.000000e+00 -1.125083e-01 0.000000e+00 0.000000e+00 -1.202466e-01 -1.390426e+00 -2.067638e-04 -4.642153e-03 0.000000e+00 -6.042297e-03 0.000000e+00 0.000000e+00 7.114857e-02 -1.067229e-01 -2.100607e-01 
-5.847094e-02 -4.757886e-02 0.000000e+00 -1.131020e-01 0.000000e+00 0.000000e+00 -1.132545e-01 -1.400915e+00 -1.692539e-04 -4.493084e-03 0.000000e+00 -5.832755e-03 0.000000e+00 0.000000e+00 6.869617e-02 -1.030443e-01 -1.964074e-01 
-5.848612e-02 -4.802068e-02 0.000000e+00 -1.136749e-01 0.000000e+00 0.000000e+00 -1.065071e-01 -1.411036e+00 -1.349247e-04 -4.343339e-03 0.000000e+00 -5.624098e-03 0.000000e+00 0.000000e+00 6.625348e-02 -9.938022e-02 -1.832104e-01 
-5.849802e-02 -4.844750e-02 0.000000e+00 -1.142269e-01 0.000000e+00 0.000000e+00 -1.000034e-01 -1.420791e+00 -1.036738e-04 -4.193151e-03 0.000000e+00 -5.416539e-03 0.000000e+00 0.000000e+00 6.382292e-02 -9.573438e-02 -1.704846e-01 
-5.850695e-02 -4.885928e-02 0.000000e+00 -1.147582e-01 0.000000e+00 0.000000e+00 -9.374202e-02 -1.430183e+00 -7.537448e-05 -4.042757e-03 0.000000e+00 -5.210289e-03 0.000000e+00 0.000000e+00 6.140689e-02 -9.211033e-02 -1.582422e-01 
-5.851320e-02 -4.925602e-02 0.000000e+00 -1.152690e-01 0.000000e+00 0.000000e+00 -8.772144e-02 -1.439214e+00 -4.989109e-05 -3.892393e-03 0.000000e+00 -5.005559e-03 0.000000e+00 0.000000e+00 5.900776e-02 -8.851164e-02 -1.464934e-01 
-5.851703e-02 -4.963775e-02 0.000000e+00 -1.157594e-01 0.000000e+00 0.000000e+00 -8.193983e-02 -1.447887e+00 -2.708877e-05 -3.742292e-03 0.000000e+00 -4.802557e-03 0.000000e+00 0.000000e+00 5.662791e-02 -8.494186e-02 -1.352468e-01 
-5.851870e-02 -5.000449e-02 0.000000e+00 -1.162296e-01 0.000000e+00 0.000000e+00 -7.639514e-02 -1.456204e+00 -6.833251e-06 -3.592681e-03 0.000000e+00 -4.601486e-03 0.000000e+00 0.000000e+00 5.426968e-02 -8.140452e-02 -1.245088e-01 
-5.851847e-02 -5.035632e-02 0.000000e+00 -1.166797e-01 0.000000e+00 0.000000e+00 -7.108509e-02 -1.464169e+00 1.100908e-05 -3.443783e-03 0.000000e+00 -4.402548e-03 0.000000e+00 0.000000e+00 5.193540e-02 -7.790310e-02 -1.142839e-01 
-5.851657e-02 -5.069331e-02 0.000000e+00 -1.171102e-01 0.000000e+00 0.000000e+00 -6.600718e-02 -1.471786e+00 2.657123e-05 -3.295816e-03 0.000000e+00 -4.205938e-03 0.000000e+00 0.000000e+00 4.962738e-02 -7.444107e-02 -1.045746e-01 
-5.851323e-02 -5.101555e-02 0.000000e+00 -1.175210e-01 0.000000e+00 0.000000e+00 -6.115866e-02 -1.479058e+00 3.998554e-05 -3.148995e-03 0.000000e+00 -4.011849e-03 0.000000e+00 0.000000e+00 4.734789e-02 -7.102184e-02 -9.538142e-02 
-5.850864e-02 -5.132319e-02 0.000000e+00 -1.179126e-01 0.000000e+00 0.000000e+00 -5.653658e-02 -1.485991e+00 5.138375e-05 -3.003527e-03 0.000000e+00 -3.820472e-03 0.000000e+00 0.000000e+00 4.509919e-02 -6.764878e-02 -8.670308e-02 
-5.850301e-02 -5.161634e-02 0.000000e+00 -1.182853e-01 0.000000e+00 0.000000e+00 -5.213773e-02 -1.492590e+00 6.089693e-05 -2.859616e-03 0.000000e+00 -3.631992e-03 0.000000e+00 0.000000e+00 4.288349e-02 -6.432523e-02 -7.853620e-02 
-5.849651e-02 -5.189519e-02 0.000000e+00 -1.186392e-01 0.000000e+00 0.000000e+00 -4.795871e-02 -1.498858e+00 6.865553e-05 -2.717463e-03 0.000000e+00 -3.446591e-03 0.000000e+00 0.000000e+00 4.070297e-02 -6.105446e-02 -7.087546e-02 
-5.848933e-02 -5.215991e-02 0.000000e+00 -1.189747e-01 0.000000e+00 0.000000e+00 -4.399589e-02 -1.504802e+00 7.478937e-05 -2.577261e-03 0.000000e+00 -3.264448e-03 0.000000e+00 0.000000e+00 3.855980e-02 -5.783970e-02 -6.371361e-02 
-5.848160e-02 -5.241071e-02 0.000000e+00 -1.192922e-01 0.000000e+00 0.000000e+00 -4.024543e-02 -1.510428e+00 7.942763e-05 -2.439201e-03 0.000000e+00 -3.085739e-03 0.000000e+00 0.000000e+00 3.645608e-02 -5.468412e-02 -5.704141e-02 
-5.847349e-02 -5.264781e-02 0.000000e+00 -1.195919e-01 0.000000e+00 0.000000e+00 -3.670329e-02 -1.515741e+00 8.269885e-05 -2.303469e-03 0.000000e+00 -2.910636e-03 0.000000e+00 0.000000e+00 3.439389e-02 -5.159084e-02 -5.084768e-02 
-5.846511e-02 -5.287146e-02 0.000000e+00 -1.198744e-01 0.000000e+00 0.000000e+00 -3.336520e-02 -1.520749e+00 8.473094e-05 -2.170245e-03 0.000000e+00 -2.739305e-03 0.000000e+00 0.000000e+00 3.237527e-02 -4.856291e-02 -4.511926e-02 
-5.845658e-02 -5.308192e-02 0.000000e+00 -1.201399e-01 0.000000e+00 0.000000e+00 -3.022671e-02 -1.525456e+00 8.565116e-05 -2.039704e-03 0.000000e+00 -2.571913e-03 0.000000e+00 0.000000e+00 3.040221e-02 -4.560331e-02 -3.984106e-02 
-5.844801e-02 -5.327949e-02 0.000000e+00 -1.203889e-01 0.000000e+00 0.000000e+00 -2.728318e-02 -1.529872e+00 8.557831e-05 -1.912018e-03 0.000000e+00 -2.408618e-03 0.000000e+00 0.000000e+00 2.847665e-02 -4.271498e-02 -3.499763e-02 
-5.843950e-02 -5.346443e-02 0.000000e+00 -1.206218e-01 0.000000e+00 0.000000e+00 -2.452974e-02 -1.534002e+00 8.461731e-05 -1.787345e-03 0.000000e+00 -2.249574e-03 0.000000e+00 0.000000e+00 2.660050e-02 -3.990076e-02 -3.057381e-02 
-5.843112e-02 -5.363706e-02 0.000000e+00 -1.208390e-01 0.000000e+00 0.000000e+00 -2.196137e-02 -1.537854e+00 8.287677e-05 -1.665846e-03 0.000000e+00 -2.094933e-03 0.000000e+00 0.000000e+00 2.477561e-02 -3.716342e-02 -2.655159e-02 
-5.842294e-02 -5.379771e-02 0.000000e+00 -1.210409e-01 0.000000e+00 0.000000e+00 -1.957285e-02 -1.541437e+00 8.046039e-05 -1.547671e-03 0.000000e+00 -1.944841e-03 0.000000e+00 0.000000e+00 2.300378e-02 -3.450567e-02 -2.291245e-02 
-5.841504e-02 -5.394671e-02 0.000000e+00 -1.212281e-01 0.000000e+00 0.000000e+00 -1.735878e-02 -1.544758e+00 7.746680e-05 -1.432967e-03 0.000000e+00 -1.799440e-03 0.000000e+00 0.000000e+00 2.128675e-02 -3.193013e-02 -1.963734e-02 
-5.840746e-02 -5.408442e-02 0.000000e+00 -1.214010e-01 0.000000e+00 0.000000e+00 -1.531361e-02 -1.547826e+00 7.398956e-05 -1.321876e-03 0.000000e+00 -1.658868e-03 0.000000e+00 0.000000e+00 1.962623e-02 -2.943935e-02 -1.670675e-02 
-5.840025e-02 -5.421121e-02 0.000000e+00 -1.215600e-01 0.000000e+00 0.000000e+00 -1.343160e-02 -1.550649e+00 7.011713e-05 -1.214531e-03 0.000000e+00 -1.523256e-03 0.000000e+00 0.000000e+00 1.802385e-02 -2.703577e-02 -1.410066e-02 
-5.839345e-02 -5.432746e-02 0.000000e+00 -1.217058e-01 0.000000e+00 0.000000e+00 -1.170685e-02 -1.553236e+00 6.593291e-05 -1.111062e-03 0.000000e+00 -1.392734e-03 0.000000e+00 0.000000e+00 1.648119e-02 -2.472178e-02 -1.179857e-02 
-5.838708e-02 -5.443356e-02 0.000000e+00 -1.218388e-01 0.000000e+00 0.000000e+00 -1.013332e-02 -1.555596e+00 6.151521e-05 -1.011592e-03 0.000000e+00 -1.267425e-03 0.000000e+00 0.000000e+00 1.499977e-02 -2.249966e-02 -9.779491e-03 
-5.838115e-02 -5.452991e-02 0.000000e+00 -1.219595e-01 0.000000e+00 0.000000e+00 -8.704807e-03 -1.557739e+00 5.693728e-05 -9.162395e-04 0.000000e+00 -1.147448e-03 0.000000e+00 0.000000e+00 1.358106e-02 -2.037159e-02 -8.021937e-03 
-5.837569e-02 -5.461694e-02 0.000000e+00 -1.220684e-01 0.000000e+00 0.000000e+00 -7.414971e-03 -1.559674e+00 5.226714e-05 -8.251156e-04 0.000000e+00 -1.032916e-03 0.000000e+00 0.000000e+00 1.222646e-02 -1.833968e-02 -6.505221e-03 
-5.837070e-02 -5.469508e-02 0.000000e+00 -1.221662e-01 0.000000e+00 0.000000e+00 -6.257334e-03 -1.561410e+00 4.756642e-05 -7.383261e-04 0.000000e+00 -9.239375e-04 0.000000e+00 0.000000e+00 1.093730e-02 -1.640594e-02 -5.208564e-03 
-5.836618e-02 -5.476475e-02 0.000000e+00 -1.222534e-01 0.000000e+00 0.000000e+00 -5.225288e-03 -1.562958e+00 4.289150e-05 -6.559708e-04 0.000000e+00 -8.206170e-04 0.000000e+00 0.000000e+00 9.714851e-03 -1.457228e-02 -4.111180e-03 
-5.836212e-02 -5.482642e-02 0.000000e+00 -1.223305e-01 0.000000e+00 0.000000e+00 -4.312100e-03 -1.564328e+00 3.829399e-05 -5.781438e-04 0.000000e+00 -7.230525e-04 0.000000e+00 0.000000e+00 8.560328e-03 -1.284049e-02 -3.193049e-03 
-5.835852e-02 -5.488054e-02 0.000000e+00 -1.223982e-01 0.000000e+00 0.000000e+00 -3.510920e-03 -1.565530e+00 3.382075e-05 -5.049331e-04 0.000000e+00 -6.313367e-04 0.000000e+00 0.000000e+00 7.474866e-03 -1.121230e-02 -2.434912e-03 
-5.835535e-02 -5.492757e-02 0.000000e+00 -1.224570e-01 0.000000e+00 0.000000e+00 -2.814789e-03 -1.566574e+00 2.951385e-05 -4.364207e-04 0.000000e+00 -5.455569e-04 0.000000e+00 0.000000e+00 6.459537e-03 -9.689305e-03 -1.818277e-03 
-5.835260e-02 -5.496799e-02 0.000000e+00 -1.225075e-01 0.000000e+00 0.000000e+00 -2.216641e-03 -1.567471e+00 2.541059e-05 -3.726829e-04 0.000000e+00 -4.657949e-04 0.000000e+00 0.000000e+00 5.515342e-03 -8.273013e-03 -1.325414e-03 
-5.835026e-02 -5.500227e-02 0.000000e+00 -1.225504e-01 0.000000e+00 0.000000e+00 -1.709318e-03 -1.568232e+00 2.154350e-05 -3.137900e-04 0.000000e+00 -3.921271e-04 0.000000e+00 0.000000e+00 4.643214e-03 -6.964820e-03 -9.393578e-04 
-5.834829e-02 -5.503091e-02 0.000000e+00 -1.225862e-01 0.000000e+00 0.000000e+00 -1.285568e-03 -1.568868e+00 1.794035e-05 -2.598063e-04 0.000000e+00 -3.246242e-04 0.000000e+00 0.000000e+00 3.844012e-03 -5.766018e-03 -6.439071e-04 
-5.834666e-02 -5.505439e-02 0.000000e+00 -1.226155e-01 0.000000e+00 0.000000e+00 -9.380582e-04 -1.569389e+00 1.462434e-05 -2.107905e-04 0.000000e+00 -2.633515e-04 0.000000e+00 0.000000e+00 3.118527e-03 -4.677790e-03 -4.236992e-04 
-5.834535e-02 -5.507323e-02 0.000000e+00 -1.226390e-01 0.000000e+00 0.000000e+00 -6.593813e-04 -1.569807e+00 1.161610e-05 -1.667951e-04 0.000000e+00 -2.083678e-04 0.000000e+00 0.000000e+00 2.467473e-03 -3.701209e-03 -2.651068e-04 
-5.834433e-02 -5.508792e-02 0.000000e+00 -1.226574e-01 0.000000e+00 0.000000e+00 -4.420611e-04 -1.570133e+00 8.931615e-06 -1.278670e-04 0.000000e+00 -1.597265e-04 0.000000e+00 0.000000e+00 1.891493e-03 -2.837240e-03 -1.555801e-04 
-5.834356e-02 -5.509897e-02 0.000000e+00 -1.226712e-01 0.000000e+00 0.000000e+00 -2.785612e-04 -1.570378e+00 6.583885e-06 -9.404735e-05 0.000000e+00 -1.174745e-04 0.000000e+00 0.000000e+00 1.391156e-03 -2.086734e-03 -8.385349e-05 
-5.834300e-02 -5.510690e-02 0.000000e+00 -1.226811e-01 0.000000e+00 0.000000e+00 -1.612919e-04 -1.570554e+00 4.583544e-06 -6.537153e-05 0.000000e+00 -8.165290e-05 0.000000e+00 0.000000e+00 9.669555e-04 -1.450433e-03 -4.011015e-05 
-5.834263e-02 -5.511222e-02 0.000000e+00 -1.226877e-01 0.000000e+00 0.000000e+00 -8.261814e-05 -1.570672e+00 2.938843e-06 -4.186944e-05 0.000000e+00 -5.229643e-05 0.000000e+00 0.000000e+00 6.193099e-04 -9.289649e-04 -1.598214e-05 
-5.834240e-02 -5.511545e-02 0.000000e+00 -1.226918e-01 0.000000e+00 0.000000e+00 -3.486657e-05 -1.570744e+00 1.655659e-06 -2.356533e-05 0.000000e+00 -2.943367e-05 0.000000e+00 0.000000e+00 3.485625e-04 -5.228437e-04 -4.550243e-06 
-5.834228e-02 -5.511711e-02 0.000000e+00 -1.226938e-01 0.000000e+00 0.000000e+00 -1.033339e-05 -1.570781e+00 7.374873e-07 -1.047784e-05 0.000000e+00 -1.308703e-05 0.000000e+00 0.000000e+00 1.549804e-04 -2.324706e-04 -3.440243e-07 
-5.834224e-02 -5.511772e-02 0.000000e+00 -1.226946e-01 0.000000e+00 0.000000e+00 -1.291864e-06 -1.570794e+00 1.857371e-07 -2.620061e-06 0.000000e+00 -3.272638e-06 0.000000e+00 0.000000e+00 3.875466e-05 -5.813199e-05 6.287493e-07 
-5.834224e-02 -5.511781e-02 0.000000e+00 -1.226947e-01 0.000000e+00 0.000000e+00 0.000000e+00 -1.570796e+00 1.697026e-09 7.363772e-11 0.000000e+00 -1.069288e-10 0.000000e+00 0.000000e+00 0.000000e+00 -0.000000e+00 6.943202e-07 
